100 20
1 85 2 53 3 79 4 84 5 17 6 66 7 83 8 54 9 11 10 55 11 42 12 36 13 86 14 63 15 36 16 85 17 38 18 83 19 10 20 47
1 70 2 81 3 9 4 22 5 17 6 3 7 4 8 86 9 94 10 25 11 87 12 69 13 67 14 42 15 52 16 37 17 53 18 68 19 8 20 78
1 2 2 73 3 24 4 64 5 12 6 52 7 91 8 1 9 66 10 64 11 66 12 1 13 60 14 50 15 31 16 1 17 76 18 18 19 20 20 63
1 69 2 77 3 28 4 55 5 72 6 56 7 18 8 25 9 23 10 27 11 74 12 63 13 85 14 39 15 89 16 67 17 59 18 42 19 31 20 97
1 99 2 25 3 40 4 5 5 35 6 10 7 82 8 41 9 67 10 85 11 22 12 81 13 39 14 92 15 92 16 16 17 55 18 59 19 49 20 8
1 45 2 37 3 58 4 88 5 59 6 91 7 93 8 6 9 11 10 68 11 66 12 24 13 94 14 74 15 44 16 82 17 42 18 2 19 66 20 2
1 50 2 5 3 82 4 32 5 7 6 46 7 56 8 5 9 31 10 31 11 14 12 56 13 40 14 88 15 92 16 83 17 13 18 19 19 94 20 12
1 23 2 15 3 90 4 70 5 70 6 97 7 50 8 82 9 41 10 91 11 17 12 75 13 1 14 16 15 96 16 56 17 54 18 85 19 69 20 19
1 58 2 26 3 11 4 17 5 24 6 72 7 69 8 68 9 67 10 38 11 82 12 50 13 67 14 93 15 41 16 2 17 60 18 8 19 24 20 23
1 73 2 6 3 9 4 91 5 76 6 4 7 59 8 79 9 81 10 47 11 16 12 33 13 88 14 91 15 92 16 91 17 19 18 38 19 94 20 17
1 45 2 5 3 13 4 64 5 41 6 21 7 57 8 72 9 72 10 8 11 33 12 15 13 20 14 92 15 11 16 99 17 96 18 64 19 82 20 29
1 83 2 86 3 61 4 60 5 55 6 42 7 93 8 69 9 6 10 71 11 38 12 62 13 7 14 85 15 65 16 48 17 35 18 37 19 26 20 7
1 67 2 55 3 29 4 41 5 86 6 60 7 13 8 67 9 52 10 23 11 63 12 29 13 3 14 37 15 51 16 61 17 35 18 79 19 79 20 11
1 97 2 21 3 96 4 49 5 35 6 40 7 6 8 39 9 43 10 72 11 46 12 99 13 47 14 17 15 29 16 30 17 65 18 73 19 18 20 36
1 95 2 80 3 36 4 42 5 48 6 82 7 4 8 62 9 36 10 38 11 25 12 95 13 88 14 47 15 1 16 84 17 80 18 47 19 66 20 6
1 7 2 30 3 70 4 48 5 7 6 78 7 81 8 47 9 24 10 42 11 1 12 86 13 25 14 7 15 39 16 31 17 10 18 50 19 83 20 18
1 46 2 51 3 94 4 3 5 38 6 78 7 36 8 61 9 65 10 45 11 96 12 14 13 70 14 45 15 15 16 79 17 97 18 87 19 86 20 96
1 30 2 60 3 88 4 75 5 94 6 4 7 96 8 13 9 41 10 18 11 88 12 62 13 91 14 25 15 10 16 43 17 73 18 52 19 6 20 43
1 79 2 58 3 84 4 80 5 17 6 10 7 91 8 52 9 35 10 33 11 84 12 21 13 91 14 1 15 22 16 79 17 57 18 18 19 64 20 80
1 61 2 77 3 3 4 55 5 10 6 76 7 65 8 80 9 68 10 8 11 84 12 30 13 97 14 99 15 23 16 8 17 73 18 4 19 40 20 47
1 59 2 27 3 42 4 82 5 65 6 60 7 81 8 78 9 38 10 94 11 33 12 80 13 25 14 82 15 41 16 35 17 59 18 21 19 4 20 99
1 26 2 11 3 27 4 75 5 61 6 66 7 24 8 40 9 65 10 48 11 93 12 17 13 71 14 44 15 99 16 65 17 34 18 94 19 29 20 89
1 14 2 81 3 3 4 40 5 67 6 63 7 35 8 5 9 97 10 20 11 10 12 15 13 65 14 63 15 45 16 23 17 74 18 12 19 32 20 56
1 93 2 53 3 53 4 91 5 87 6 43 7 72 8 35 9 27 10 76 11 32 12 80 13 41 14 88 15 16 16 84 17 48 18 17 19 78 20 95
1 25 2 48 3 47 4 20 5 23 6 76 7 57 8 36 9 54 10 38 11 81 12 8 13 2 14 67 15 38 16 88 17 30 18 91 19 76 20 60
1 49 2 52 3 40 4 20 5 86 6 44 7 72 8 9 9 73 10 2 11 83 12 60 13 67 14 27 15 69 16 68 17 95 18 43 19 76 20 87
1 48 2 55 3 86 4 44 5 92 6 70 7 83 8 27 9 36 10 37 11 74 12 6 13 84 14 99 15 26 16 70 17 65 18 22 19 56 20 65
1 8 2 43 3 75 4 9 5 94 6 34 7 56 8 3 9 17 10 26 11 16 12 22 13 32 14 95 15 85 16 81 17 85 18 30 19 52 20 19
1 63 2 8 3 26 4 41 5 64 6 7 7 97 8 11 9 61 10 84 11 63 12 88 13 58 14 81 15 38 16 79 17 17 18 28 19 77 20 34
1 20 2 87 3 53 4 40 5 83 6 17 7 37 8 23 9 88 10 7 11 95 12 23 13 86 14 98 15 96 16 42 17 93 18 23 19 65 20 8
1 70 2 21 3 62 4 6 5 51 6 82 7 96 8 85 9 62 10 45 11 62 12 14 13 74 14 22 15 26 16 61 17 71 18 50 19 57 20 79
1 3 2 82 3 99 4 58 5 25 6 37 7 94 8 32 9 33 10 46 11 99 12 27 13 64 14 99 15 1 16 54 17 69 18 96 19 87 20 19
1 53 2 22 3 33 4 27 5 56 6 35 7 72 8 39 9 41 10 25 11 16 12 15 13 53 14 8 15 43 16 37 17 90 18 78 19 85 20 36
1 32 2 51 3 75 4 5 5 8 6 44 7 57 8 71 9 96 10 30 11 51 12 62 13 37 14 46 15 27 16 87 17 58 18 56 19 91 20 61
1 93 2 91 3 22 4 5 5 56 6 25 7 49 8 19 9 27 10 37 11 50 12 74 13 81 14 19 15 81 16 93 17 86 18 73 19 85 20 62
1 87 2 94 3 48 4 40 5 1 6 53 7 70 8 38 9 70 10 12 11 24 12 30 13 93 14 48 15 59 16 56 17 32 18 60 19 15 20 37
1 79 2 92 3 91 4 91 5 28 6 15 7 67 8 2 9 94 10 14 11 52 12 68 13 63 14 47 15 41 16 16 17 90 18 94 19 14 20 10
1 44 2 74 3 49 4 57 5 78 6 43 7 20 8 4 9 11 10 93 11 92 12 75 13 46 14 85 15 34 16 53 17 82 18 13 19 89 20 4
1 60 2 44 3 50 4 18 5 93 6 51 7 56 8 27 9 29 10 65 11 90 12 82 13 80 14 29 15 44 16 89 17 46 18 13 19 34 20 17
1 97 2 75 3 33 4 25 5 16 6 55 7 5 8 29 9 22 10 70 11 70 12 31 13 95 14 73 15 22 16 7 17 60 18 97 19 11 20 3
1 69 2 17 3 65 4 88 5 1 6 75 7 30 8 80 9 12 10 92 11 54 12 63 13 65 14 62 15 97 16 86 17 54 18 20 19 18 20 42
1 84 2 97 3 34 4 4 5 22 6 88 7 39 8 14 9 57 10 70 11 94 12 37 13 99 14 91 15 22 16 14 17 65 18 83 19 87 20 28
1 12 2 57 3 36 4 91 5 28 6 29 7 83 8 74 9 46 10 2 11 5 12 73 13 85 14 33 15 80 16 82 17 72 18 90 19 86 20 86
1 59 2 61 3 84 4 8 5 79 6 6 7 4 8 15 9 35 10 49 11 50 12 89 13 45 14 74 15 23 16 25 17 72 18 95 19 98 20 20
1 80 2 25 3 16 4 23 5 96 6 82 7 39 8 87 9 61 10 21 11 15 12 37 13 26 14 62 15 67 16 81 17 92 18 67 19 70 20 81
1 21 2 21 3 50 4 23 5 79 6 8 7 66 8 50 9 38 10 26 11 62 12 8 13 79 14 99 15 66 16 78 17 40 18 48 19 54 20 28
1 95 2 4 3 27 4 73 5 14 6 33 7 87 8 87 9 58 10 7 11 22 12 77 13 44 14 11 15 13 16 43 17 69 18 5 19 46 20 65
1 21 2 83 3 48 4 82 5 77 6 92 7 98 8 52 9 20 10 80 11 98 12 56 13 49 14 47 15 88 16 4 17 27 18 8 19 62 20 95
1 43 2 78 3 3 4 34 5 34 6 29 7 27 8 6 9 62 10 35 11 76 12 84 13 85 14 79 15 66 16 67 17 53 18 57 19 24 20 33
1 29 2 43 3 71 4 52 5 73 6 95 7 36 8 92 9 51 10 93 11 58 12 31 13 60 14 31 15 22 16 3 17 48 18 88 19 3 20 4
1 83 2 24 3 80 4 40 5 8 6 9 7 86 8 53 9 99 10 4 11 51 12 55 13 18 14 10 15 68 16 80 17 70 18 34 19 51 20 61
1 42 2 61 3 32 4 84 5 91 6 55 7 84 8 99 9 67 10 56 11 20 12 91 13 53 14 83 15 78 16 98 17 4 18 4 19 25 20 94
1 24 2 88 3 70 4 18 5 79 6 31 7 60 8 1 9 72 10 64 11 31 12 90 13 81 14 60 15 44 16 18 17 97 18 76 19 52 20 1
1 13 2 70 3 20 4 86 5 24 6 10 7 62 8 3 9 5 10 60 11 28 12 27 13 90 14 46 15 2 16 60 17 86 18 19 19 82 20 33
1 76 2 15 3 18 4 57 5 21 6 84 7 57 8 33 9 38 10 26 11 20 12 45 13 20 14 45 15 10 16 57 17 94 18 83 19 80 20 81
1 71 2 13 3 66 4 54 5 72 6 17 7 10 8 33 9 93 10 84 11 2 12 38 13 80 14 87 15 80 16 22 17 85 18 64 19 65 20 20
1 73 2 27 3 78 4 50 5 41 6 30 7 4 8 95 9 71 10 27 11 12 12 32 13 40 14 44 15 93 16 81 17 12 18 72 19 79 20 19
1 55 2 5 3 42 4 9 5 51 6 80 7 17 8 97 9 11 10 3 11 48 12 57 13 2 14 48 15 29 16 95 17 79 18 10 19 14 20 10
1 21 2 48 3 52 4 79 5 3 6 26 7 67 8 55 9 12 10 97 11 51 12 45 13 53 14 51 15 79 16 67 17 31 18 49 19 2 20 14
1 57 2 4 3 92 4 34 5 61 6 8 7 64 8 9 9 45 10 20 11 60 12 87 13 90 14 42 15 5 16 43 17 30 18 4 19 95 20 37
1 53 2 29 3 31 4 87 5 17 6 60 7 51 8 78 9 56 10 57 11 8 12 83 13 45 14 50 15 1 16 62 17 31 18 76 19 69 20 8
1 52 2 49 3 28 4 89 5 62 6 27 7 30 8 56 9 96 10 99 11 41 12 71 13 90 14 36 15 94 16 86 17 43 18 94 19 62 20 13
1 40 2 86 3 38 4 4 5 7 6 25 7 48 8 9 9 93 10 37 11 29 12 23 13 17 14 78 15 51 16 86 17 78 18 76 19 90 20 32
1 94 2 68 3 87 4 47 5 9 6 81 7 24 8 59 9 53 10 31 11 45 12 86 13 81 14 58 15 97 16 36 17 62 18 23 19 77 20 3
1 64 2 35 3 18 4 12 5 32 6 51 7 84 8 72 9 15 10 2 11 82 12 33 13 17 14 38 15 63 16 51 17 22 18 68 19 43 20 22
1 53 2 56 3 98 4 65 5 1 6 7 7 45 8 43 9 10 10 52 11 83 12 56 13 13 14 46 15 29 16 4 17 5 18 64 19 37 20 17
1 2 2 35 3 6 4 43 5 70 6 58 7 8 8 70 9 31 10 54 11 4 12 97 13 96 14 45 15 3 16 13 17 35 18 6 19 33 20 76
1 7 2 70 3 97 4 97 5 56 6 96 7 26 8 16 9 76 10 43 11 82 12 23 13 5 14 82 15 73 16 43 17 77 18 98 19 95 20 63
1 59 2 22 3 2 4 73 5 40 6 76 7 54 8 23 9 57 10 39 11 50 12 12 13 87 14 90 15 54 16 97 17 71 18 84 19 90 20 54
1 15 2 51 3 88 4 90 5 50 6 47 7 78 8 92 9 33 10 55 11 49 12 53 13 89 14 99 15 4 16 84 17 4 18 74 19 29 20 95
1 31 2 13 3 57 4 13 5 70 6 17 7 6 8 1 9 94 10 64 11 18 12 35 13 73 14 78 15 29 16 69 17 97 18 91 19 10 20 17
1 97 2 94 3 36 4 19 5 77 6 75 7 23 8 84 9 29 10 96 11 31 12 50 13 11 14 80 15 41 16 66 17 21 18 88 19 25 20 36
1 21 2 55 3 84 4 99 5 68 6 87 7 96 8 12 9 88 10 71 11 6 12 59 13 97 14 37 15 8 16 21 17 3 18 13 19 87 20 27
1 99 2 39 3 71 4 13 5 68 6 35 7 41 8 12 9 53 10 86 11 48 12 35 13 63 14 22 15 79 16 71 17 19 18 88 19 66 20 42
1 12 2 22 3 30 4 76 5 5 6 76 7 37 8 43 9 7 10 22 11 84 12 59 13 45 14 72 15 69 16 14 17 34 18 4 19 70 20 92
1 50 2 84 3 22 4 37 5 12 6 90 7 34 8 75 9 72 10 52 11 7 12 92 13 12 14 67 15 40 16 36 17 47 18 37 19 95 20 11
1 6 2 48 3 12 4 31 5 55 6 72 7 16 8 7 9 40 10 5 11 48 12 18 13 41 14 81 15 87 16 29 17 24 18 53 19 82 20 89
1 68 2 14 3 51 4 40 5 70 6 4 7 70 8 86 9 79 10 42 11 73 12 64 13 94 14 31 15 67 16 7 17 87 18 68 19 16 20 63
1 64 2 38 3 69 4 38 5 16 6 1 7 97 8 26 9 54 10 7 11 52 12 78 13 70 14 19 15 86 16 74 17 18 18 42 19 92 20 5
1 43 2 42 3 37 4 20 5 24 6 86 7 94 8 12 9 31 10 17 11 12 12 4 13 93 14 20 15 88 16 83 17 13 18 97 19 97 20 9
1 55 2 49 3 91 4 7 5 80 6 58 7 88 8 66 9 18 10 76 11 67 12 50 13 17 14 89 15 68 16 23 17 34 18 32 19 11 20 20
1 72 2 64 3 39 4 6 5 58 6 5 7 13 8 92 9 75 10 40 11 20 12 43 13 59 14 24 15 3 16 74 17 30 18 99 19 66 20 14
1 58 2 43 3 1 4 57 5 9 6 50 7 94 8 10 9 88 10 31 11 44 12 57 13 3 14 47 15 89 16 13 17 64 18 30 19 58 20 2
1 93 2 38 3 54 4 9 5 70 6 35 7 50 8 86 9 57 10 52 11 52 12 23 13 74 14 29 15 39 16 59 17 10 18 65 19 66 20 64
1 77 2 42 3 9 4 62 5 50 6 28 7 90 8 5 9 84 10 93 11 87 12 76 13 82 14 83 15 60 16 56 17 42 18 33 19 71 20 95
1 38 2 63 3 59 4 41 5 48 6 25 7 12 8 62 9 85 10 2 11 73 12 58 13 17 14 12 15 51 16 86 17 26 18 18 19 1 20 32
1 82 2 31 3 60 4 42 5 62 6 50 7 3 8 87 9 93 10 24 11 48 12 71 13 28 14 81 15 8 16 49 17 50 18 43 19 18 20 16
1 55 2 20 3 37 4 64 5 22 6 22 7 63 8 48 9 54 10 42 11 67 12 9 13 53 14 70 15 90 16 78 17 63 18 38 19 45 20 99
1 51 2 70 3 65 4 8 5 85 6 2 7 5 8 68 9 25 10 9 11 70 12 94 13 78 14 23 15 53 16 4 17 3 18 71 19 94 20 82
1 9 2 76 3 17 4 68 5 70 6 55 7 71 8 54 9 99 10 16 11 69 12 76 13 45 14 93 15 37 16 58 17 85 18 54 19 99 20 87
1 7 2 50 3 56 4 26 5 12 6 49 7 70 8 24 9 27 10 54 11 39 12 48 13 36 14 2 15 80 16 8 17 13 18 57 19 16 20 38
1 24 2 24 3 34 4 74 5 9 6 41 7 12 8 31 9 63 10 54 11 79 12 62 13 10 14 83 15 62 16 46 17 48 18 50 19 20 20 14
1 73 2 16 3 21 4 81 5 61 6 9 7 58 8 76 9 24 10 47 11 58 12 70 13 2 14 31 15 51 16 85 17 88 18 43 19 88 20 30
1 47 2 3 3 58 4 40 5 43 6 75 7 21 8 67 9 28 10 26 11 16 12 30 13 16 14 86 15 40 16 33 17 74 18 44 19 2 20 40
1 92 2 73 3 65 4 37 5 24 6 97 7 10 8 5 9 59 10 31 11 1 12 31 13 9 14 14 15 58 16 63 17 77 18 55 19 63 20 76
1 37 2 33 3 74 4 70 5 77 6 53 7 88 8 31 9 97 10 7 11 56 12 90 13 74 14 70 15 88 16 66 17 24 18 82 19 97 20 3
1 82 2 95 3 60 4 46 5 92 6 32 7 45 8 71 9 4 10 76 11 14 12 32 13 41 14 27 15 94 16 97 17 63 18 73 19 79 20 44
1 9 2 33 3 94 4 76 5 42 6 3 7 33 8 20 9 48 10 65 11 37 12 93 13 73 14 7 15 60 16 78 17 49 18 49 19 61 20 54
1 85 2 82 3 84 4 39 5 22 6 20 7 95 8 77 9 23 10 62 11 57 12 37 13 25 14 85 15 75 16 57 17 4 18 35 19 63 20 88
1 99 2 76 3 88 4 66 5 1 6 31 7 4 8 31 9 54 10 12 11 15 12 33 13 63 14 27 15 55 16 60 17 33 18 23 19 56 20 80
Reldue
-1	3463	-1	7
-1	1687	-1	9
-1	2358	-1	2
-1	1312	-1	10
-1	1656	-1	1
-1	3680	-1	9
-1	3255	-1	2
-1	4106	-1	4
-1	1881	-1	1
-1	2199	-1	10
-1	1502	-1	9
-1	4142	-1	5
-1	1331	-1	5
-1	3092	-1	2
-1	4064	-1	8
-1	1865	-1	10
-1	2470	-1	10
-1	1837	-1	3
-1	3195	-1	4
-1	1010	-1	8
-1	2533	-1	7
-1	1761	-1	2
-1	2605	-1	9
-1	2299	-1	2
-1	3073	-1	9
-1	1817	-1	4
-1	3948	-1	3
-1	3492	-1	2
-1	3022	-1	4
-1	3635	-1	6
-1	3218	-1	3
-1	3225	-1	9
-1	2424	-1	7
-1	3015	-1	5
-1	1227	-1	4
-1	2931	-1	8
-1	3913	-1	10
-1	4006	-1	9
-1	2516	-1	6
-1	1333	-1	3
-1	1944	-1	7
-1	1681	-1	4
-1	3322	-1	9
-1	2164	-1	5
-1	4048	-1	4
-1	3260	-1	6
-1	2544	-1	10
-1	4633	-1	1
-1	3556	-1	9
-1	3162	-1	2
-1	2708	-1	3
-1	3571	-1	8
-1	1671	-1	6
-1	1751	-1	8
-1	3740	-1	10
-1	1614	-1	10
-1	3103	-1	5
-1	2480	-1	8
-1	2469	-1	7
-1	1371	-1	6
-1	1040	-1	1
-1	2955	-1	5
-1	2358	-1	4
-1	2161	-1	10
-1	911	-1	5
-1	2656	-1	1
-1	1058	-1	8
-1	3766	-1	2
-1	3284	-1	10
-1	2950	-1	5
-1	1661	-1	4
-1	2595	-1	1
-1	2536	-1	5
-1	1870	-1	5
-1	1101	-1	8
-1	2133	-1	9
-1	2380	-1	1
-1	3251	-1	5
-1	2103	-1	1
-1	2463	-1	3
-1	2477	-1	5
-1	2519	-1	8
-1	1771	-1	10
-1	3635	-1	10
-1	2531	-1	3
-1	827	-1	5
-1	948	-1	1
-1	3934	-1	1
-1	1452	-1	5
-1	1930	-1	3
-1	2656	-1	3
-1	1098	-1	6
-1	2715	-1	1
-1	1400	-1	10
-1	3195	-1	9
-1	1580	-1	7
-1	3691	-1	8
-1	3633	-1	6
-1	3872	-1	6
-1	2248	-1	9
