50 20
1 71 2 13 3 66 4 54 5 72 6 17 7 10 8 33 9 93 10 84 11 2 12 38 13 80 14 87 15 80 16 22 17 85 18 64 19 65 20 20
1 73 2 27 3 78 4 50 5 41 6 30 7 4 8 95 9 71 10 27 11 12 12 32 13 40 14 44 15 93 16 81 17 12 18 72 19 79 20 19
1 55 2 5 3 42 4 9 5 51 6 80 7 17 8 97 9 11 10 3 11 48 12 57 13 2 14 48 15 29 16 95 17 79 18 10 19 14 20 10
1 21 2 48 3 52 4 79 5 3 6 26 7 67 8 55 9 12 10 97 11 51 12 45 13 53 14 51 15 79 16 67 17 31 18 49 19 2 20 14
1 57 2 4 3 92 4 34 5 61 6 8 7 64 8 9 9 45 10 20 11 60 12 87 13 90 14 42 15 5 16 43 17 30 18 4 19 95 20 37
1 53 2 29 3 31 4 87 5 17 6 60 7 51 8 78 9 56 10 57 11 8 12 83 13 45 14 50 15 1 16 62 17 31 18 76 19 69 20 8
1 52 2 49 3 28 4 89 5 62 6 27 7 30 8 56 9 96 10 99 11 41 12 71 13 90 14 36 15 94 16 86 17 43 18 94 19 62 20 13
1 40 2 86 3 38 4 4 5 7 6 25 7 48 8 9 9 93 10 37 11 29 12 23 13 17 14 78 15 51 16 86 17 78 18 76 19 90 20 32
1 94 2 68 3 87 4 47 5 9 6 81 7 24 8 59 9 53 10 31 11 45 12 86 13 81 14 58 15 97 16 36 17 62 18 23 19 77 20 3
1 64 2 35 3 18 4 12 5 32 6 51 7 84 8 72 9 15 10 2 11 82 12 33 13 17 14 38 15 63 16 51 17 22 18 68 19 43 20 22
1 53 2 56 3 98 4 65 5 1 6 7 7 45 8 43 9 10 10 52 11 83 12 56 13 13 14 46 15 29 16 4 17 5 18 64 19 37 20 17
1 2 2 35 3 6 4 43 5 70 6 58 7 8 8 70 9 31 10 54 11 4 12 97 13 96 14 45 15 3 16 13 17 35 18 6 19 33 20 76
1 7 2 70 3 97 4 97 5 56 6 96 7 26 8 16 9 76 10 43 11 82 12 23 13 5 14 82 15 73 16 43 17 77 18 98 19 95 20 63
1 59 2 22 3 2 4 73 5 40 6 76 7 54 8 23 9 57 10 39 11 50 12 12 13 87 14 90 15 54 16 97 17 71 18 84 19 90 20 54
1 15 2 51 3 88 4 90 5 50 6 47 7 78 8 92 9 33 10 55 11 49 12 53 13 89 14 99 15 4 16 84 17 4 18 74 19 29 20 95
1 31 2 13 3 57 4 13 5 70 6 17 7 6 8 1 9 94 10 64 11 18 12 35 13 73 14 78 15 29 16 69 17 97 18 91 19 10 20 17
1 97 2 94 3 36 4 19 5 77 6 75 7 23 8 84 9 29 10 96 11 31 12 50 13 11 14 80 15 41 16 66 17 21 18 88 19 25 20 36
1 21 2 55 3 84 4 99 5 68 6 87 7 96 8 12 9 88 10 71 11 6 12 59 13 97 14 37 15 8 16 21 17 3 18 13 19 87 20 27
1 99 2 39 3 71 4 13 5 68 6 35 7 41 8 12 9 53 10 86 11 48 12 35 13 63 14 22 15 79 16 71 17 19 18 88 19 66 20 42
1 12 2 22 3 30 4 76 5 5 6 76 7 37 8 43 9 7 10 22 11 84 12 59 13 45 14 72 15 69 16 14 17 34 18 4 19 70 20 92
1 50 2 84 3 22 4 37 5 12 6 90 7 34 8 75 9 72 10 52 11 7 12 92 13 12 14 67 15 40 16 36 17 47 18 37 19 95 20 11
1 6 2 48 3 12 4 31 5 55 6 72 7 16 8 7 9 40 10 5 11 48 12 18 13 41 14 81 15 87 16 29 17 24 18 53 19 82 20 89
1 68 2 14 3 51 4 40 5 70 6 4 7 70 8 86 9 79 10 42 11 73 12 64 13 94 14 31 15 67 16 7 17 87 18 68 19 16 20 63
1 64 2 38 3 69 4 38 5 16 6 1 7 97 8 26 9 54 10 7 11 52 12 78 13 70 14 19 15 86 16 74 17 18 18 42 19 92 20 5
1 43 2 42 3 37 4 20 5 24 6 86 7 94 8 12 9 31 10 17 11 12 12 4 13 93 14 20 15 88 16 83 17 13 18 97 19 97 20 9
1 55 2 49 3 91 4 7 5 80 6 58 7 88 8 66 9 18 10 76 11 67 12 50 13 17 14 89 15 68 16 23 17 34 18 32 19 11 20 20
1 72 2 64 3 39 4 6 5 58 6 5 7 13 8 92 9 75 10 40 11 20 12 43 13 59 14 24 15 3 16 74 17 30 18 99 19 66 20 14
1 58 2 43 3 1 4 57 5 9 6 50 7 94 8 10 9 88 10 31 11 44 12 57 13 3 14 47 15 89 16 13 17 64 18 30 19 58 20 2
1 93 2 38 3 54 4 9 5 70 6 35 7 50 8 86 9 57 10 52 11 52 12 23 13 74 14 29 15 39 16 59 17 10 18 65 19 66 20 64
1 77 2 42 3 9 4 62 5 50 6 28 7 90 8 5 9 84 10 93 11 87 12 76 13 82 14 83 15 60 16 56 17 42 18 33 19 71 20 95
1 38 2 63 3 59 4 41 5 48 6 25 7 12 8 62 9 85 10 2 11 73 12 58 13 17 14 12 15 51 16 86 17 26 18 18 19 1 20 32
1 82 2 31 3 60 4 42 5 62 6 50 7 3 8 87 9 93 10 24 11 48 12 71 13 28 14 81 15 8 16 49 17 50 18 43 19 18 20 16
1 55 2 20 3 37 4 64 5 22 6 22 7 63 8 48 9 54 10 42 11 67 12 9 13 53 14 70 15 90 16 78 17 63 18 38 19 45 20 99
1 51 2 70 3 65 4 8 5 85 6 2 7 5 8 68 9 25 10 9 11 70 12 94 13 78 14 23 15 53 16 4 17 3 18 71 19 94 20 82
1 9 2 76 3 17 4 68 5 70 6 55 7 71 8 54 9 99 10 16 11 69 12 76 13 45 14 93 15 37 16 58 17 85 18 54 19 99 20 87
1 7 2 50 3 56 4 26 5 12 6 49 7 70 8 24 9 27 10 54 11 39 12 48 13 36 14 2 15 80 16 8 17 13 18 57 19 16 20 38
1 24 2 24 3 34 4 74 5 9 6 41 7 12 8 31 9 63 10 54 11 79 12 62 13 10 14 83 15 62 16 46 17 48 18 50 19 20 20 14
1 73 2 16 3 21 4 81 5 61 6 9 7 58 8 76 9 24 10 47 11 58 12 70 13 2 14 31 15 51 16 85 17 88 18 43 19 88 20 30
1 47 2 3 3 58 4 40 5 43 6 75 7 21 8 67 9 28 10 26 11 16 12 30 13 16 14 86 15 40 16 33 17 74 18 44 19 2 20 40
1 92 2 73 3 65 4 37 5 24 6 97 7 10 8 5 9 59 10 31 11 1 12 31 13 9 14 14 15 58 16 63 17 77 18 55 19 63 20 76
1 37 2 33 3 74 4 70 5 77 6 53 7 88 8 31 9 97 10 7 11 56 12 90 13 74 14 70 15 88 16 66 17 24 18 82 19 97 20 3
1 82 2 95 3 60 4 46 5 92 6 32 7 45 8 71 9 4 10 76 11 14 12 32 13 41 14 27 15 94 16 97 17 63 18 73 19 79 20 44
1 9 2 33 3 94 4 76 5 42 6 3 7 33 8 20 9 48 10 65 11 37 12 93 13 73 14 7 15 60 16 78 17 49 18 49 19 61 20 54
1 85 2 82 3 84 4 39 5 22 6 20 7 95 8 77 9 23 10 62 11 57 12 37 13 25 14 85 15 75 16 57 17 4 18 35 19 63 20 88
1 99 2 76 3 88 4 66 5 1 6 31 7 4 8 31 9 54 10 12 11 15 12 33 13 63 14 27 15 55 16 60 17 33 18 23 19 56 20 80
1 70 2 68 3 25 4 87 5 61 6 16 7 7 8 97 9 22 10 7 11 83 12 89 13 93 14 16 15 89 16 32 17 37 18 2 19 33 20 94
1 20 2 89 3 99 4 45 5 14 6 42 7 74 8 15 9 94 10 77 11 46 12 92 13 35 14 93 15 27 16 24 17 67 18 36 19 1 20 76
1 43 2 63 3 21 4 12 5 72 6 81 7 30 8 15 9 73 10 84 11 21 12 34 13 81 14 25 15 98 16 11 17 65 18 35 19 78 20 50
1 64 2 25 3 62 4 88 5 60 6 67 7 63 8 47 9 3 10 32 11 68 12 72 13 88 14 90 15 94 16 84 17 49 18 57 19 17 20 25
1 26 2 64 3 17 4 31 5 63 6 84 7 40 8 44 9 86 10 31 11 81 12 53 13 63 14 97 15 96 16 6 17 88 18 86 19 74 20 20
Reldue
-1	2906	-1	3
-1	2866	-1	8
-1	1205	-1	6
-1	1912	-1	8
-1	3455	-1	10
-1	1455	-1	10
-1	3856	-1	5
-1	3082	-1	8
-1	3069	-1	7
-1	1274	-1	6
-1	856	-1	1
-1	1904	-1	5
-1	3050	-1	4
-1	2186	-1	10
-1	1304	-1	5
-1	2991	-1	1
-1	1454	-1	8
-1	3194	-1	2
-1	3040	-1	10
-1	2184	-1	5
-1	1829	-1	4
-1	2030	-1	1
-1	2670	-1	5
-1	1685	-1	5
-1	1163	-1	8
-1	2192	-1	9
-1	2526	-1	1
-1	2520	-1	5
-1	2279	-1	1
-1	3273	-1	3
-1	2006	-1	5
-1	2659	-1	8
-1	2170	-1	10
-1	3405	-1	10
-1	2558	-1	3
-1	728	-1	5
-1	842	-1	1
-1	3832	-1	1
-1	1193	-1	5
-1	1465	-1	3
-1	4540	-1	3
-1	1525	-1	6
-1	2640	-1	1
-1	1979	-1	10
-1	3083	-1	9
-1	1334	-1	7
-1	3371	-1	8
-1	3663	-1	6
-1	4011	-1	6
-1	2850	-1	9
