50 20
1 85 2 53 3 79 4 84 5 17 6 66 7 83 8 54 9 11 10 55 11 42 12 36 13 86 14 63 15 36 16 85 17 38 18 83 19 10 20 47
1 70 2 81 3 9 4 22 5 17 6 3 7 4 8 86 9 94 10 25 11 87 12 69 13 67 14 42 15 52 16 37 17 53 18 68 19 8 20 78
1 2 2 73 3 24 4 64 5 12 6 52 7 91 8 1 9 66 10 64 11 66 12 1 13 60 14 50 15 31 16 1 17 76 18 18 19 20 20 63
1 69 2 77 3 28 4 55 5 72 6 56 7 18 8 25 9 23 10 27 11 74 12 63 13 85 14 39 15 89 16 67 17 59 18 42 19 31 20 97
1 99 2 25 3 40 4 5 5 35 6 10 7 82 8 41 9 67 10 85 11 22 12 81 13 39 14 92 15 92 16 16 17 55 18 59 19 49 20 8
1 45 2 37 3 58 4 88 5 59 6 91 7 93 8 6 9 11 10 68 11 66 12 24 13 94 14 74 15 44 16 82 17 42 18 2 19 66 20 2
1 50 2 5 3 82 4 32 5 7 6 46 7 56 8 5 9 31 10 31 11 14 12 56 13 40 14 88 15 92 16 83 17 13 18 19 19 94 20 12
1 23 2 15 3 90 4 70 5 70 6 97 7 50 8 82 9 41 10 91 11 17 12 75 13 1 14 16 15 96 16 56 17 54 18 85 19 69 20 19
1 58 2 26 3 11 4 17 5 24 6 72 7 69 8 68 9 67 10 38 11 82 12 50 13 67 14 93 15 41 16 2 17 60 18 8 19 24 20 23
1 73 2 6 3 9 4 91 5 76 6 4 7 59 8 79 9 81 10 47 11 16 12 33 13 88 14 91 15 92 16 91 17 19 18 38 19 94 20 17
1 45 2 5 3 13 4 64 5 41 6 21 7 57 8 72 9 72 10 8 11 33 12 15 13 20 14 92 15 11 16 99 17 96 18 64 19 82 20 29
1 83 2 86 3 61 4 60 5 55 6 42 7 93 8 69 9 6 10 71 11 38 12 62 13 7 14 85 15 65 16 48 17 35 18 37 19 26 20 7
1 67 2 55 3 29 4 41 5 86 6 60 7 13 8 67 9 52 10 23 11 63 12 29 13 3 14 37 15 51 16 61 17 35 18 79 19 79 20 11
1 97 2 21 3 96 4 49 5 35 6 40 7 6 8 39 9 43 10 72 11 46 12 99 13 47 14 17 15 29 16 30 17 65 18 73 19 18 20 36
1 95 2 80 3 36 4 42 5 48 6 82 7 4 8 62 9 36 10 38 11 25 12 95 13 88 14 47 15 1 16 84 17 80 18 47 19 66 20 6
1 7 2 30 3 70 4 48 5 7 6 78 7 81 8 47 9 24 10 42 11 1 12 86 13 25 14 7 15 39 16 31 17 10 18 50 19 83 20 18
1 46 2 51 3 94 4 3 5 38 6 78 7 36 8 61 9 65 10 45 11 96 12 14 13 70 14 45 15 15 16 79 17 97 18 87 19 86 20 96
1 30 2 60 3 88 4 75 5 94 6 4 7 96 8 13 9 41 10 18 11 88 12 62 13 91 14 25 15 10 16 43 17 73 18 52 19 6 20 43
1 79 2 58 3 84 4 80 5 17 6 10 7 91 8 52 9 35 10 33 11 84 12 21 13 91 14 1 15 22 16 79 17 57 18 18 19 64 20 80
1 61 2 77 3 3 4 55 5 10 6 76 7 65 8 80 9 68 10 8 11 84 12 30 13 97 14 99 15 23 16 8 17 73 18 4 19 40 20 47
1 59 2 27 3 42 4 82 5 65 6 60 7 81 8 78 9 38 10 94 11 33 12 80 13 25 14 82 15 41 16 35 17 59 18 21 19 4 20 99
1 26 2 11 3 27 4 75 5 61 6 66 7 24 8 40 9 65 10 48 11 93 12 17 13 71 14 44 15 99 16 65 17 34 18 94 19 29 20 89
1 14 2 81 3 3 4 40 5 67 6 63 7 35 8 5 9 97 10 20 11 10 12 15 13 65 14 63 15 45 16 23 17 74 18 12 19 32 20 56
1 93 2 53 3 53 4 91 5 87 6 43 7 72 8 35 9 27 10 76 11 32 12 80 13 41 14 88 15 16 16 84 17 48 18 17 19 78 20 95
1 25 2 48 3 47 4 20 5 23 6 76 7 57 8 36 9 54 10 38 11 81 12 8 13 2 14 67 15 38 16 88 17 30 18 91 19 76 20 60
1 49 2 52 3 40 4 20 5 86 6 44 7 72 8 9 9 73 10 2 11 83 12 60 13 67 14 27 15 69 16 68 17 95 18 43 19 76 20 87
1 48 2 55 3 86 4 44 5 92 6 70 7 83 8 27 9 36 10 37 11 74 12 6 13 84 14 99 15 26 16 70 17 65 18 22 19 56 20 65
1 8 2 43 3 75 4 9 5 94 6 34 7 56 8 3 9 17 10 26 11 16 12 22 13 32 14 95 15 85 16 81 17 85 18 30 19 52 20 19
1 63 2 8 3 26 4 41 5 64 6 7 7 97 8 11 9 61 10 84 11 63 12 88 13 58 14 81 15 38 16 79 17 17 18 28 19 77 20 34
1 20 2 87 3 53 4 40 5 83 6 17 7 37 8 23 9 88 10 7 11 95 12 23 13 86 14 98 15 96 16 42 17 93 18 23 19 65 20 8
1 70 2 21 3 62 4 6 5 51 6 82 7 96 8 85 9 62 10 45 11 62 12 14 13 74 14 22 15 26 16 61 17 71 18 50 19 57 20 79
1 3 2 82 3 99 4 58 5 25 6 37 7 94 8 32 9 33 10 46 11 99 12 27 13 64 14 99 15 1 16 54 17 69 18 96 19 87 20 19
1 53 2 22 3 33 4 27 5 56 6 35 7 72 8 39 9 41 10 25 11 16 12 15 13 53 14 8 15 43 16 37 17 90 18 78 19 85 20 36
1 32 2 51 3 75 4 5 5 8 6 44 7 57 8 71 9 96 10 30 11 51 12 62 13 37 14 46 15 27 16 87 17 58 18 56 19 91 20 61
1 93 2 91 3 22 4 5 5 56 6 25 7 49 8 19 9 27 10 37 11 50 12 74 13 81 14 19 15 81 16 93 17 86 18 73 19 85 20 62
1 87 2 94 3 48 4 40 5 1 6 53 7 70 8 38 9 70 10 12 11 24 12 30 13 93 14 48 15 59 16 56 17 32 18 60 19 15 20 37
1 79 2 92 3 91 4 91 5 28 6 15 7 67 8 2 9 94 10 14 11 52 12 68 13 63 14 47 15 41 16 16 17 90 18 94 19 14 20 10
1 44 2 74 3 49 4 57 5 78 6 43 7 20 8 4 9 11 10 93 11 92 12 75 13 46 14 85 15 34 16 53 17 82 18 13 19 89 20 4
1 60 2 44 3 50 4 18 5 93 6 51 7 56 8 27 9 29 10 65 11 90 12 82 13 80 14 29 15 44 16 89 17 46 18 13 19 34 20 17
1 97 2 75 3 33 4 25 5 16 6 55 7 5 8 29 9 22 10 70 11 70 12 31 13 95 14 73 15 22 16 7 17 60 18 97 19 11 20 3
1 69 2 17 3 65 4 88 5 1 6 75 7 30 8 80 9 12 10 92 11 54 12 63 13 65 14 62 15 97 16 86 17 54 18 20 19 18 20 42
1 84 2 97 3 34 4 4 5 22 6 88 7 39 8 14 9 57 10 70 11 94 12 37 13 99 14 91 15 22 16 14 17 65 18 83 19 87 20 28
1 12 2 57 3 36 4 91 5 28 6 29 7 83 8 74 9 46 10 2 11 5 12 73 13 85 14 33 15 80 16 82 17 72 18 90 19 86 20 86
1 59 2 61 3 84 4 8 5 79 6 6 7 4 8 15 9 35 10 49 11 50 12 89 13 45 14 74 15 23 16 25 17 72 18 95 19 98 20 20
1 80 2 25 3 16 4 23 5 96 6 82 7 39 8 87 9 61 10 21 11 15 12 37 13 26 14 62 15 67 16 81 17 92 18 67 19 70 20 81
1 21 2 21 3 50 4 23 5 79 6 8 7 66 8 50 9 38 10 26 11 62 12 8 13 79 14 99 15 66 16 78 17 40 18 48 19 54 20 28
1 95 2 4 3 27 4 73 5 14 6 33 7 87 8 87 9 58 10 7 11 22 12 77 13 44 14 11 15 13 16 43 17 69 18 5 19 46 20 65
1 21 2 83 3 48 4 82 5 77 6 92 7 98 8 52 9 20 10 80 11 98 12 56 13 49 14 47 15 88 16 4 17 27 18 8 19 62 20 95
1 43 2 78 3 3 4 34 5 34 6 29 7 27 8 6 9 62 10 35 11 76 12 84 13 85 14 79 15 66 16 67 17 53 18 57 19 24 20 33
1 29 2 43 3 71 4 52 5 73 6 95 7 36 8 92 9 51 10 93 11 58 12 31 13 60 14 31 15 22 16 3 17 48 18 88 19 3 20 4
Reldue
-1	3901	-1	3
-1	3301	-1	5
-1	1022	-1	1
-1	3937	-1	6
-1	3998	-1	1
-1	2653	-1	6
-1	1310	-1	1
-1	3402	-1	9
-1	2803	-1	4
-1	2805	-1	7
-1	2117	-1	7
-1	2025	-1	9
-1	3530	-1	6
-1	3375	-1	10
-1	3191	-1	6
-1	1244	-1	10
-1	3114	-1	9
-1	3402	-1	10
-1	1183	-1	1
-1	1770	-1	10
-1	1901	-1	9
-1	3356	-1	2
-1	2765	-1	4
-1	3392	-1	1
-1	3055	-1	7
-1	2162	-1	10
-1	3930	-1	7
-1	2047	-1	2
-1	4032	-1	8
-1	2767	-1	1
-1	1505	-1	8
-1	1794	-1	9
-1	1471	-1	2
-1	2990	-1	1
-1	1269	-1	6
-1	1785	-1	3
-1	3954	-1	5
-1	1108	-1	7
-1	3660	-1	2
-1	3113	-1	4
-1	3594	-1	2
-1	1714	-1	6
-1	1869	-1	9
-1	2683	-1	4
-1	2426	-1	3
-1	1492	-1	5
-1	1389	-1	5
-1	1534	-1	6
-1	3727	-1	9
-1	3363	-1	9
