50 20
1 71 2 3 3 77 4 45 5 78 6 90 7 98 8 90 9 26 10 18 11 65 12 43 13 47 14 45 15 27 16 23 17 6 18 3 19 82 20 68
1 45 2 96 3 59 4 21 5 86 6 14 7 78 8 57 9 75 10 4 11 71 12 5 13 81 14 68 15 85 16 92 17 39 18 10 19 5 20 3
1 49 2 50 3 54 4 33 5 84 6 70 7 43 8 14 9 19 10 32 11 88 12 26 13 78 14 87 15 66 16 75 17 93 18 22 19 91 20 19
1 57 2 22 3 33 4 10 5 54 6 88 7 60 8 30 9 97 10 74 11 90 12 61 13 63 14 69 15 85 16 26 17 87 18 78 19 70 20 75
1 33 2 19 3 13 4 1 5 70 6 83 7 51 8 92 9 87 10 98 11 33 12 44 13 91 14 50 15 67 16 36 17 46 18 75 19 30 20 40
1 5 2 3 3 4 4 83 5 91 6 22 7 17 8 42 9 41 10 39 11 81 12 59 13 80 14 72 15 96 16 40 17 43 18 75 19 36 20 16
1 49 2 62 3 90 4 23 5 22 6 95 7 37 8 52 9 2 10 86 11 86 12 75 13 59 14 62 15 97 16 63 17 71 18 73 19 30 20 50
1 68 2 87 3 48 4 65 5 5 6 33 7 16 8 14 9 78 10 25 11 64 12 66 13 78 14 89 15 95 16 83 17 96 18 2 19 13 20 54
1 26 2 77 3 96 4 48 5 48 6 87 7 34 8 78 9 65 10 16 11 59 12 75 13 13 14 30 15 52 16 18 17 5 18 19 19 47 20 36
1 3 2 38 3 68 4 45 5 87 6 83 7 86 8 27 9 27 10 42 11 46 12 67 13 87 14 59 15 2 16 19 17 13 18 82 19 23 20 56
1 11 2 3 3 46 4 59 5 9 6 32 7 96 8 69 9 18 10 35 11 86 12 50 13 76 14 97 15 48 16 66 17 3 18 48 19 7 20 94
1 72 2 96 3 75 4 76 5 39 6 66 7 68 8 16 9 67 10 78 11 41 12 18 13 25 14 76 15 71 16 49 17 46 18 59 19 90 20 46
1 73 2 5 3 86 4 48 5 68 6 4 7 92 8 85 9 89 10 34 11 47 12 59 13 49 14 69 15 78 16 47 17 91 18 44 19 83 20 26
1 11 2 14 3 72 4 79 5 71 6 6 7 74 8 16 9 15 10 55 11 92 12 50 13 25 14 88 15 32 16 65 17 12 18 21 19 8 20 1
1 9 2 59 3 11 4 31 5 57 6 46 7 51 8 92 9 90 10 97 11 6 12 79 13 66 14 44 15 23 16 3 17 40 18 81 19 4 20 72
1 25 2 96 3 2 4 27 5 7 6 45 7 37 8 70 9 58 10 65 11 12 12 95 13 22 14 1 15 74 16 86 17 39 18 23 19 99 20 5
1 54 2 62 3 40 4 16 5 56 6 38 7 72 8 97 9 52 10 21 11 2 12 97 13 15 14 70 15 24 16 43 17 28 18 36 19 27 20 81
1 49 2 30 3 25 4 10 5 88 6 24 7 21 8 17 9 94 10 51 11 9 12 7 13 94 14 98 15 19 16 89 17 62 18 34 19 60 20 73
1 90 2 47 3 46 4 85 5 45 6 11 7 50 8 94 9 60 10 53 11 16 12 13 13 38 14 87 15 39 16 70 17 35 18 64 19 8 20 11
1 21 2 96 3 69 4 84 5 98 6 71 7 3 8 64 9 30 10 70 11 80 12 84 13 4 14 81 15 33 16 84 17 88 18 37 19 21 20 20
1 84 2 71 3 93 4 8 5 69 6 49 7 9 8 96 9 9 10 29 11 14 12 60 13 21 14 93 15 3 16 35 17 54 18 45 19 32 20 79
1 12 2 40 3 82 4 78 5 35 6 79 7 12 8 59 9 36 10 18 11 19 12 88 13 42 14 1 15 33 16 70 17 21 18 88 19 28 20 92
1 25 2 1 3 21 4 52 5 86 6 17 7 59 8 80 9 73 10 18 11 63 12 57 13 20 14 54 15 77 16 7 17 22 18 93 19 33 20 98
1 20 2 81 3 53 4 69 5 52 6 13 7 46 8 2 9 58 10 82 11 77 12 9 13 7 14 21 15 83 16 12 17 77 18 32 19 2 20 83
1 78 2 12 3 34 4 70 5 75 6 79 7 54 8 59 9 96 10 43 11 55 12 13 13 47 14 78 15 95 16 20 17 94 18 34 19 15 20 60
1 55 2 65 3 45 4 8 5 52 6 99 7 29 8 67 9 58 10 90 11 51 12 50 13 65 14 40 15 48 16 48 17 43 18 8 19 6 20 17
1 81 2 48 3 31 4 44 5 97 6 85 7 97 8 38 9 61 10 23 11 5 12 83 13 1 14 98 15 22 16 55 17 66 18 55 19 56 20 96
1 87 2 15 3 66 4 76 5 8 6 89 7 53 8 74 9 2 10 78 11 46 12 63 13 52 14 56 15 64 16 29 17 57 18 56 19 75 20 65
1 95 2 74 3 52 4 92 5 96 6 37 7 59 8 97 9 38 10 8 11 42 12 3 13 55 14 43 15 61 16 91 17 14 18 30 19 23 20 58
1 88 2 36 3 80 4 31 5 44 6 72 7 85 8 14 9 69 10 78 11 37 12 45 13 66 14 40 15 80 16 96 17 44 18 11 19 58 20 13
1 17 2 97 3 7 4 84 5 48 6 26 7 96 8 73 9 33 10 59 11 67 12 78 13 26 14 44 15 32 16 94 17 84 18 35 19 8 20 5
1 29 2 63 3 74 4 51 5 70 6 9 7 8 8 78 9 40 10 99 11 31 12 94 13 78 14 85 15 36 16 12 17 17 18 97 19 45 20 41
1 44 2 76 3 99 4 97 5 7 6 28 7 3 8 58 9 12 10 75 11 73 12 54 13 41 14 13 15 41 16 52 17 38 18 23 19 86 20 72
1 47 2 49 3 53 4 96 5 90 6 80 7 19 8 22 9 7 10 39 11 2 12 72 13 80 14 73 15 62 16 10 17 70 18 42 19 83 20 66
1 33 2 10 3 2 4 90 5 46 6 5 7 68 8 80 9 15 10 20 11 30 12 59 13 95 14 15 15 54 16 49 17 73 18 55 19 30 20 80
1 40 2 70 3 3 4 2 5 57 6 90 7 76 8 83 9 25 10 85 11 79 12 80 13 95 14 79 15 86 16 78 17 81 18 63 19 43 20 3
1 77 2 93 3 29 4 38 5 57 6 7 7 38 8 16 9 28 10 60 11 50 12 88 13 32 14 91 15 54 16 80 17 69 18 54 19 95 20 11
1 97 2 72 3 58 4 2 5 67 6 81 7 88 8 81 9 48 10 99 11 19 12 73 13 82 14 25 15 39 16 60 17 34 18 76 19 38 20 46
1 89 2 1 3 54 4 49 5 28 6 37 7 65 8 9 9 86 10 91 11 21 12 63 13 96 14 87 15 77 16 65 17 12 18 76 19 71 20 11
1 84 2 82 3 99 4 51 5 84 6 90 7 30 8 17 9 82 10 42 11 65 12 87 13 56 14 28 15 64 16 22 17 67 18 86 19 47 20 50
1 86 2 92 3 44 4 99 5 98 6 12 7 32 8 29 9 88 10 29 11 49 12 57 13 30 14 20 15 70 16 13 17 74 18 36 19 29 20 54
1 94 2 74 3 41 4 43 5 39 6 46 7 1 8 67 9 38 10 68 11 26 12 64 13 35 14 10 15 16 16 78 17 65 18 97 19 55 20 48
1 81 2 27 3 49 4 73 5 81 6 34 7 31 8 20 9 62 10 49 11 29 12 48 13 68 14 84 15 25 16 6 17 41 18 51 19 42 20 89
1 81 2 82 3 23 4 96 5 23 6 41 7 67 8 53 9 99 10 31 11 35 12 81 13 71 14 18 15 26 16 53 17 87 18 32 19 12 20 21
1 60 2 71 3 24 4 53 5 37 6 34 7 42 8 27 9 7 10 52 11 49 12 5 13 16 14 38 15 3 16 3 17 6 18 11 19 98 20 82
1 66 2 67 3 87 4 4 5 33 6 22 7 80 8 94 9 6 10 6 11 88 12 62 13 71 14 52 15 84 16 1 17 80 18 55 19 41 20 8
1 2 2 16 3 50 4 79 5 23 6 69 7 58 8 53 9 88 10 17 11 56 12 51 13 12 14 84 15 33 16 10 17 69 18 91 19 80 20 80
1 36 2 19 3 49 4 53 5 33 6 67 7 30 8 91 9 89 10 12 11 31 12 13 13 65 14 51 15 61 16 44 17 75 18 13 19 45 20 20
1 72 2 33 3 87 4 20 5 93 6 81 7 62 8 98 9 55 10 75 11 72 12 21 13 7 14 77 15 25 16 67 17 80 18 38 19 65 20 20
1 3 2 79 3 94 4 59 5 89 6 91 7 45 8 13 9 29 10 22 11 15 12 12 13 39 14 34 15 4 16 31 17 12 18 40 19 99 20 53
Reldue
-1	1167	-1	9
-1	1638	-1	6
-1	4366	-1	4
-1	2459	-1	8
-1	2847	-1	4
-1	3062	-1	6
-1	3472	-1	1
-1	1407	-1	6
-1	3712	-1	5
-1	3631	-1	10
-1	2429	-1	7
-1	1484	-1	4
-1	3201	-1	9
-1	3039	-1	10
-1	3265	-1	8
-1	3136	-1	5
-1	1054	-1	10
-1	3641	-1	8
-1	3257	-1	9
-1	2297	-1	10
-1	3724	-1	2
-1	3220	-1	6
-1	2481	-1	5
-1	1263	-1	7
-1	1398	-1	3
-1	1535	-1	5
-1	1559	-1	7
-1	4034	-1	5
-1	1561	-1	10
-1	1642	-1	9
-1	1221	-1	3
-1	2328	-1	10
-1	1985	-1	4
-1	1409	-1	7
-1	2437	-1	2
-1	2838	-1	6
-1	2369	-1	10
-1	3388	-1	3
-1	1832	-1	6
-1	3775	-1	1
-1	1999	-1	9
-1	1732	-1	6
-1	1177	-1	5
-1	2375	-1	5
-1	1993	-1	4
-1	4011	-1	5
-1	1901	-1	3
-1	1635	-1	2
-1	2717	-1	2
-1	3052	-1	3
