60 20
1 46 2 99 3 7 4 26 5 64 6 85 7 35 8 59 9 86 10 77 11 83 12 80 13 97 14 19 15 66 16 13 17 55 18 85 19 68 20 83
1 83 2 71 3 91 4 98 5 91 6 11 7 34 8 27 9 42 10 60 11 85 12 87 13 23 14 70 15 20 16 7 17 84 18 42 19 6 20 58
1 54 2 18 3 47 4 38 5 39 6 9 7 13 8 25 9 11 10 14 11 99 12 76 13 91 14 63 15 10 16 44 17 25 18 37 19 18 20 29
1 19 2 42 3 33 4 67 5 84 6 44 7 59 8 45 9 9 10 46 11 40 12 35 13 5 14 96 15 79 16 88 17 65 18 84 19 84 20 57
1 17 2 65 3 33 4 4 5 12 6 9 7 88 8 74 9 11 10 22 11 65 12 38 13 23 14 51 15 78 16 87 17 62 18 98 19 20 20 54
1 15 2 29 3 33 4 46 5 86 6 87 7 35 8 93 9 47 10 77 11 52 12 19 13 29 14 77 15 41 16 91 17 63 18 10 19 62 20 69
1 88 2 87 3 19 4 96 5 70 6 31 7 28 8 5 9 9 10 15 11 1 12 94 13 16 14 40 15 41 16 68 17 85 18 32 19 44 20 52
1 78 2 87 3 50 4 49 5 47 6 18 7 50 8 22 9 54 10 1 11 90 12 97 13 2 14 6 15 36 16 24 17 42 18 97 19 61 20 4
1 23 2 79 3 10 4 93 5 33 6 56 7 1 8 32 9 68 10 65 11 26 12 43 13 87 14 22 15 45 16 33 17 12 18 47 19 44 20 92
1 94 2 54 3 74 4 77 5 40 6 12 7 44 8 13 9 52 10 86 11 28 12 70 13 49 14 62 15 73 16 19 17 67 18 31 19 74 20 99
1 55 2 62 3 2 4 10 5 87 6 95 7 1 8 2 9 20 10 64 11 30 12 5 13 44 14 8 15 11 16 21 17 60 18 33 19 98 20 56
1 99 2 93 3 39 4 65 5 32 6 25 7 21 8 68 9 27 10 64 11 9 12 33 13 9 14 86 15 10 16 91 17 72 18 57 19 32 20 80
1 35 2 53 3 82 4 83 5 49 6 93 7 15 8 41 9 5 10 61 11 96 12 66 13 70 14 80 15 25 16 47 17 11 18 14 19 40 20 57
1 42 2 34 3 35 4 53 5 52 6 77 7 68 8 11 9 55 10 41 11 68 12 26 13 84 14 47 15 36 16 53 17 36 18 44 19 99 20 31
1 59 2 96 3 52 4 23 5 24 6 67 7 17 8 52 9 13 10 33 11 78 12 5 13 26 14 37 15 96 16 44 17 13 18 8 19 39 20 81
1 81 2 42 3 72 4 12 5 60 6 55 7 83 8 88 9 75 10 42 11 49 12 42 13 26 14 74 15 1 16 36 17 17 18 59 19 81 20 73
1 23 2 45 3 16 4 74 5 20 6 94 7 8 8 71 9 88 10 87 11 52 12 29 13 32 14 53 15 69 16 72 17 61 18 5 19 37 20 79
1 25 2 21 3 58 4 51 5 47 6 30 7 70 8 79 9 14 10 81 11 45 12 11 13 82 14 61 15 30 16 10 17 16 18 54 19 31 20 15
1 28 2 56 3 71 4 42 5 77 6 55 7 54 8 64 9 48 10 28 11 89 12 73 13 59 14 25 15 58 16 54 17 6 18 29 19 42 20 94
1 45 2 57 3 68 4 93 5 49 6 2 7 23 8 51 9 37 10 15 11 33 12 78 13 72 14 93 15 94 16 50 17 74 18 6 19 92 20 27
1 55 2 67 3 10 4 41 5 86 6 43 7 3 8 56 9 46 10 29 11 4 12 31 13 88 14 74 15 64 16 80 17 32 18 70 19 70 20 94
1 2 2 56 3 26 4 5 5 9 6 87 7 24 8 91 9 69 10 58 11 60 12 45 13 43 14 44 15 15 16 73 17 28 18 99 19 65 20 49
1 80 2 84 3 85 4 88 5 81 6 8 7 27 8 17 9 41 10 47 11 63 12 87 13 45 14 77 15 10 16 85 17 14 18 16 19 77 20 61
1 65 2 84 3 67 4 90 5 47 6 22 7 93 8 91 9 83 10 32 11 83 12 32 13 76 14 52 15 85 16 7 17 93 18 32 19 5 20 14
1 62 2 40 3 57 4 7 5 2 6 65 7 71 8 4 9 40 10 55 11 65 12 91 13 41 14 11 15 35 16 87 17 99 18 35 19 72 20 98
1 2 2 18 3 84 4 50 5 7 6 25 7 65 8 27 9 99 10 38 11 36 12 77 13 33 14 93 15 16 16 19 17 18 18 97 19 54 20 91
1 90 2 8 3 55 4 90 5 54 6 21 7 30 8 28 9 40 10 88 11 44 12 84 13 24 14 16 15 47 16 14 17 50 18 92 19 58 20 82
1 57 2 9 3 82 4 97 5 20 6 53 7 28 8 51 9 61 10 87 11 55 12 66 13 68 14 37 15 72 16 45 17 83 18 82 19 19 20 3
1 22 2 24 3 50 4 68 5 64 6 80 7 62 8 51 9 85 10 43 11 7 12 59 13 87 14 30 15 88 16 99 17 78 18 50 19 21 20 26
1 54 2 98 3 44 4 89 5 25 6 15 7 91 8 19 9 53 10 57 11 78 12 45 13 68 14 80 15 36 16 12 17 52 18 71 19 95 20 43
1 35 2 33 3 84 4 56 5 32 6 92 7 21 8 84 9 10 10 47 11 18 12 96 13 51 14 85 15 42 16 88 17 7 18 92 19 91 20 76
1 78 2 41 3 22 4 44 5 35 6 69 7 51 8 85 9 75 10 94 11 78 12 91 13 84 14 74 15 52 16 24 17 88 18 16 19 15 20 34
1 5 2 80 3 51 4 31 5 99 6 57 7 30 8 18 9 82 10 86 11 49 12 1 13 28 14 6 15 63 16 45 17 77 18 3 19 61 20 51
1 80 2 95 3 69 4 92 5 97 6 62 7 75 8 42 9 13 10 48 11 90 12 5 13 62 14 24 15 44 16 58 17 90 18 32 19 58 20 51
1 20 2 17 3 67 4 87 5 37 6 55 7 79 8 20 9 50 10 46 11 37 12 74 13 54 14 87 15 88 16 67 17 28 18 23 19 13 20 68
1 19 2 51 3 55 4 77 5 77 6 66 7 4 8 78 9 21 10 25 11 2 12 34 13 29 14 24 15 76 16 86 17 76 18 96 19 52 20 74
1 1 2 31 3 13 4 65 5 48 6 30 7 70 8 62 9 95 10 9 11 95 12 94 13 42 14 37 15 84 16 16 17 52 18 12 19 83 20 27
1 65 2 98 3 40 4 47 5 66 6 45 7 22 8 63 9 46 10 56 11 58 12 3 13 23 14 59 15 11 16 92 17 48 18 76 19 11 20 56
1 50 2 67 3 58 4 78 5 48 6 47 7 15 8 33 9 7 10 94 11 18 12 42 13 9 14 17 15 71 16 99 17 11 18 66 19 71 20 86
1 19 2 36 3 43 4 19 5 15 6 38 7 85 8 31 9 95 10 65 11 94 12 21 13 54 14 98 15 54 16 67 17 91 18 96 19 86 20 40
1 7 2 63 3 29 4 90 5 90 6 7 7 13 8 12 9 39 10 1 11 2 12 10 13 4 14 48 15 61 16 7 17 75 18 15 19 25 20 43
1 68 2 7 3 63 4 47 5 5 6 74 7 86 8 60 9 86 10 33 11 2 12 1 13 17 14 76 15 33 16 75 17 90 18 59 19 99 20 92
1 86 2 58 3 37 4 94 5 49 6 78 7 67 8 14 9 36 10 43 11 48 12 82 13 44 14 31 15 58 16 3 17 37 18 15 19 73 20 76
1 14 2 98 3 58 4 57 5 50 6 66 7 60 8 56 9 65 10 77 11 40 12 86 13 79 14 35 15 79 16 72 17 60 18 74 19 8 20 14
1 77 2 38 3 1 4 36 5 7 6 53 7 80 8 84 9 39 10 16 11 80 12 13 13 38 14 70 15 41 16 49 17 50 18 8 19 34 20 71
1 52 2 89 3 41 4 29 5 89 6 1 7 6 8 93 9 77 10 10 11 40 12 40 13 54 14 47 15 47 16 40 17 66 18 11 19 88 20 35
1 25 2 70 3 98 4 61 5 52 6 38 7 60 8 77 9 36 10 42 11 75 12 97 13 11 14 56 15 16 16 38 17 9 18 24 19 93 20 21
1 92 2 43 3 5 4 52 5 8 6 20 7 46 8 37 9 61 10 49 11 30 12 24 13 43 14 48 15 45 16 48 17 7 18 49 19 75 20 79
1 97 2 64 3 73 4 76 5 95 6 5 7 83 8 31 9 7 10 4 11 44 12 10 13 82 14 62 15 84 16 94 17 48 18 37 19 52 20 72
1 12 2 2 3 7 4 95 5 57 6 71 7 69 8 95 9 39 10 5 11 84 12 90 13 81 14 26 15 96 16 91 17 45 18 7 19 42 20 23
1 47 2 74 3 15 4 83 5 76 6 94 7 69 8 72 9 44 10 13 11 32 12 97 13 37 14 92 15 81 16 53 17 74 18 33 19 78 20 89
1 74 2 71 3 56 4 94 5 72 6 72 7 90 8 78 9 32 10 10 11 74 12 56 13 10 14 53 15 10 16 59 17 62 18 47 19 13 20 53
1 89 2 37 3 94 4 98 5 17 6 97 7 71 8 52 9 75 10 87 11 85 12 59 13 71 14 31 15 52 16 79 17 44 18 2 19 82 20 70
1 58 2 83 3 53 4 13 5 20 6 90 7 89 8 76 9 96 10 19 11 39 12 87 13 42 14 74 15 72 16 85 17 12 18 35 19 71 20 46
1 49 2 46 3 83 4 64 5 44 6 48 7 83 8 78 9 69 10 81 11 92 12 60 13 86 14 98 15 3 16 5 17 26 18 8 19 64 20 68
1 4 2 53 3 55 4 18 5 25 6 72 7 86 8 47 9 20 10 32 11 23 12 88 13 86 14 10 15 94 16 40 17 22 18 63 19 75 20 42
1 87 2 2 3 76 4 58 5 33 6 94 7 22 8 19 9 46 10 45 11 58 12 23 13 5 14 3 15 69 16 83 17 19 18 45 19 96 20 73
1 50 2 66 3 63 4 92 5 65 6 27 7 76 8 33 9 70 10 51 11 22 12 18 13 34 14 31 15 35 16 95 17 14 18 58 19 22 20 97
1 69 2 66 3 67 4 52 5 68 6 97 7 76 8 99 9 70 10 16 11 23 12 26 13 76 14 40 15 29 16 30 17 40 18 28 19 61 20 25
1 94 2 20 3 29 4 13 5 96 6 53 7 97 8 46 9 90 10 91 11 79 12 71 13 15 14 89 15 14 16 79 17 39 18 55 19 35 20 74
Reldue
-1	3815	-1	10
-1	1998	-1	6
-1	1608	-1	2
-1	1296	-1	7
-1	2490	-1	4
-1	3140	-1	8
-1	2133	-1	5
-1	3277	-1	2
-1	1864	-1	7
-1	4280	-1	6
-1	1443	-1	5
-1	1749	-1	10
-1	2964	-1	3
-1	1427	-1	2
-1	2500	-1	3
-1	4074	-1	3
-1	2242	-1	7
-1	2624	-1	7
-1	2691	-1	9
-1	4198	-1	1
-1	2131	-1	8
-1	2306	-1	9
-1	1869	-1	5
-1	1913	-1	10
-1	1321	-1	4
-1	1961	-1	4
-1	2437	-1	5
-1	3811	-1	4
-1	4335	-1	3
-1	1920	-1	9
-1	2378	-1	3
-1	1632	-1	4
-1	2103	-1	8
-1	2359	-1	10
-1	2165	-1	4
-1	1457	-1	3
-1	1666	-1	4
-1	2230	-1	5
-1	1158	-1	4
-1	4248	-1	8
-1	800	-1	5
-1	1792	-1	2
-1	1826	-1	8
-1	2549	-1	2
-1	1426	-1	1
-1	1636	-1	3
-1	3739	-1	9
-1	1489	-1	8
-1	2735	-1	2
-1	3847	-1	9
-1	3165	-1	8
-1	1878	-1	4
-1	4573	-1	7
-1	1779	-1	3
-1	3948	-1	2
-1	2933	-1	8
-1	2183	-1	4
-1	1232	-1	6
-1	2870	-1	7
-1	2077	-1	7
