60 20
1 51 2 70 3 65 4 8 5 85 6 2 7 5 8 68 9 25 10 9 11 70 12 94 13 78 14 23 15 53 16 4 17 3 18 71 19 94 20 82
1 9 2 76 3 17 4 68 5 70 6 55 7 71 8 54 9 99 10 16 11 69 12 76 13 45 14 93 15 37 16 58 17 85 18 54 19 99 20 87
1 7 2 50 3 56 4 26 5 12 6 49 7 70 8 24 9 27 10 54 11 39 12 48 13 36 14 2 15 80 16 8 17 13 18 57 19 16 20 38
1 24 2 24 3 34 4 74 5 9 6 41 7 12 8 31 9 63 10 54 11 79 12 62 13 10 14 83 15 62 16 46 17 48 18 50 19 20 20 14
1 73 2 16 3 21 4 81 5 61 6 9 7 58 8 76 9 24 10 47 11 58 12 70 13 2 14 31 15 51 16 85 17 88 18 43 19 88 20 30
1 47 2 3 3 58 4 40 5 43 6 75 7 21 8 67 9 28 10 26 11 16 12 30 13 16 14 86 15 40 16 33 17 74 18 44 19 2 20 40
1 92 2 73 3 65 4 37 5 24 6 97 7 10 8 5 9 59 10 31 11 1 12 31 13 9 14 14 15 58 16 63 17 77 18 55 19 63 20 76
1 37 2 33 3 74 4 70 5 77 6 53 7 88 8 31 9 97 10 7 11 56 12 90 13 74 14 70 15 88 16 66 17 24 18 82 19 97 20 3
1 82 2 95 3 60 4 46 5 92 6 32 7 45 8 71 9 4 10 76 11 14 12 32 13 41 14 27 15 94 16 97 17 63 18 73 19 79 20 44
1 9 2 33 3 94 4 76 5 42 6 3 7 33 8 20 9 48 10 65 11 37 12 93 13 73 14 7 15 60 16 78 17 49 18 49 19 61 20 54
1 85 2 82 3 84 4 39 5 22 6 20 7 95 8 77 9 23 10 62 11 57 12 37 13 25 14 85 15 75 16 57 17 4 18 35 19 63 20 88
1 99 2 76 3 88 4 66 5 1 6 31 7 4 8 31 9 54 10 12 11 15 12 33 13 63 14 27 15 55 16 60 17 33 18 23 19 56 20 80
1 70 2 68 3 25 4 87 5 61 6 16 7 7 8 97 9 22 10 7 11 83 12 89 13 93 14 16 15 89 16 32 17 37 18 2 19 33 20 94
1 20 2 89 3 99 4 45 5 14 6 42 7 74 8 15 9 94 10 77 11 46 12 92 13 35 14 93 15 27 16 24 17 67 18 36 19 1 20 76
1 43 2 63 3 21 4 12 5 72 6 81 7 30 8 15 9 73 10 84 11 21 12 34 13 81 14 25 15 98 16 11 17 65 18 35 19 78 20 50
1 64 2 25 3 62 4 88 5 60 6 67 7 63 8 47 9 3 10 32 11 68 12 72 13 88 14 90 15 94 16 84 17 49 18 57 19 17 20 25
1 26 2 64 3 17 4 31 5 63 6 84 7 40 8 44 9 86 10 31 11 81 12 53 13 63 14 97 15 96 16 6 17 88 18 86 19 74 20 20
1 58 2 26 3 64 4 72 5 20 6 56 7 37 8 73 9 96 10 95 11 18 12 92 13 72 14 41 15 75 16 79 17 58 18 65 19 19 20 52
1 4 2 9 3 48 4 41 5 50 6 39 7 31 8 99 9 4 10 43 11 79 12 4 13 12 14 71 15 69 16 16 17 63 18 99 19 50 20 48
1 30 2 34 3 47 4 5 5 48 6 47 7 26 8 49 9 9 10 76 11 40 12 88 13 61 14 4 15 66 16 50 17 41 18 9 19 56 20 23
1 49 2 40 3 60 4 71 5 36 6 97 7 85 8 91 9 36 10 22 11 1 12 41 13 1 14 6 15 92 16 6 17 17 18 44 19 19 20 27
1 91 2 25 3 11 4 50 5 56 6 4 7 26 8 99 9 80 10 87 11 10 12 63 13 72 14 72 15 89 16 55 17 82 18 55 19 49 20 87
1 33 2 11 3 56 4 39 5 32 6 47 7 96 8 54 9 40 10 40 11 61 12 23 13 99 14 84 15 28 16 56 17 51 18 20 19 48 20 56
1 50 2 1 3 17 4 44 5 50 6 49 7 26 8 17 9 38 10 43 11 70 12 9 13 67 14 1 15 86 16 55 17 73 18 49 19 73 20 3
1 51 2 40 3 74 4 11 5 39 6 24 7 53 8 61 9 87 10 33 11 59 12 70 13 30 14 40 15 27 16 51 17 81 18 66 19 54 20 49
1 97 2 95 3 7 4 13 5 9 6 40 7 5 8 81 9 86 10 12 11 85 12 62 13 72 14 14 15 30 16 30 17 81 18 24 19 46 20 43
1 33 2 40 3 84 4 24 5 22 6 27 7 92 8 39 9 89 10 91 11 12 12 90 13 48 14 9 15 5 16 81 17 27 18 8 19 56 20 42
1 54 2 54 3 79 4 24 5 23 6 39 7 5 8 73 9 39 10 26 11 48 12 48 13 43 14 98 15 90 16 83 17 74 18 25 19 67 20 26
1 13 2 76 3 79 4 10 5 48 6 43 7 18 8 38 9 71 10 7 11 70 12 93 13 51 14 97 15 52 16 22 17 72 18 76 19 4 20 25
1 83 2 44 3 26 4 39 5 32 6 35 7 39 8 31 9 83 10 99 11 28 12 63 13 93 14 60 15 49 16 45 17 39 18 41 19 47 20 68
1 86 2 47 3 57 4 37 5 90 6 33 7 46 8 48 9 76 10 53 11 45 12 89 13 97 14 90 15 16 16 54 17 87 18 62 19 95 20 69
1 66 2 5 3 74 4 36 5 46 6 54 7 76 8 57 9 41 10 66 11 73 12 47 13 14 14 31 15 45 16 82 17 94 18 15 19 81 20 49
1 60 2 57 3 29 4 39 5 44 6 29 7 57 8 81 9 60 10 7 11 10 12 7 13 87 14 47 15 48 16 5 17 60 18 28 19 4 20 38
1 13 2 35 3 59 4 1 5 72 6 59 7 60 8 13 9 93 10 27 11 96 12 67 13 57 14 70 15 4 16 2 17 46 18 69 19 22 20 77
1 72 2 72 3 24 4 77 5 93 6 12 7 97 8 47 9 11 10 70 11 42 12 24 13 92 14 2 15 14 16 44 17 76 18 2 19 66 20 54
1 16 2 29 3 20 4 46 5 22 6 25 7 90 8 59 9 62 10 2 11 99 12 99 13 32 14 1 15 72 16 15 17 64 18 44 19 25 20 31
1 82 2 69 3 97 4 53 5 47 6 73 7 23 8 26 9 62 10 39 11 57 12 97 13 39 14 33 15 88 16 49 17 87 18 51 19 76 20 57
1 8 2 1 3 31 4 79 5 72 6 33 7 39 8 32 9 39 10 31 11 33 12 29 13 30 14 48 15 75 16 66 17 35 18 81 19 5 20 29
1 63 2 27 3 43 4 50 5 39 6 89 7 96 8 16 9 17 10 32 11 85 12 99 13 20 14 25 15 7 16 86 17 42 18 97 19 78 20 89
1 56 2 85 3 2 4 57 5 90 6 80 7 75 8 97 9 35 10 21 11 50 12 64 13 93 14 35 15 91 16 13 17 32 18 88 19 42 20 17
1 71 2 14 3 27 4 86 5 18 6 60 7 48 8 69 9 10 10 15 11 62 12 65 13 23 14 49 15 30 16 45 17 40 18 63 19 56 20 87
1 18 2 50 3 5 4 91 5 15 6 67 7 3 8 69 9 94 10 75 11 38 12 9 13 18 14 99 15 31 16 3 17 44 18 95 19 88 20 39
1 96 2 27 3 79 4 88 5 33 6 82 7 96 8 27 9 87 10 7 11 5 12 57 13 33 14 77 15 83 16 38 17 19 18 40 19 97 20 42
1 4 2 22 3 70 4 32 5 77 6 42 7 48 8 61 9 48 10 8 11 42 12 26 13 2 14 58 15 72 16 33 17 56 18 37 19 21 20 22
1 13 2 33 3 86 4 9 5 4 6 34 7 20 8 11 9 90 10 87 11 69 12 16 13 39 14 71 15 9 16 6 17 76 18 63 19 54 20 99
1 36 2 44 3 62 4 5 5 73 6 14 7 21 8 38 9 54 10 51 11 6 12 86 13 51 14 77 15 36 16 23 17 60 18 45 19 28 20 73
1 21 2 50 3 96 4 96 5 29 6 32 7 68 8 88 9 76 10 52 11 28 12 22 13 54 14 88 15 78 16 61 17 44 18 58 19 62 20 60
1 53 2 71 3 39 4 44 5 5 6 81 7 11 8 75 9 82 10 86 11 41 12 51 13 79 14 53 15 5 16 43 17 5 18 58 19 71 20 73
1 57 2 74 3 18 4 25 5 42 6 36 7 22 8 24 9 93 10 15 11 55 12 18 13 56 14 20 15 67 16 50 17 35 18 55 19 55 20 66
1 43 2 29 3 16 4 81 5 47 6 79 7 63 8 65 9 48 10 27 11 28 12 52 13 45 14 38 15 68 16 7 17 5 18 46 19 82 20 22
1 72 2 98 3 27 4 18 5 8 6 73 7 85 8 83 9 31 10 46 11 48 12 65 13 94 14 92 15 54 16 43 17 7 18 57 19 51 20 42
1 13 2 32 3 76 4 19 5 45 6 59 7 48 8 7 9 39 10 75 11 25 12 16 13 64 14 66 15 97 16 12 17 85 18 96 19 93 20 57
1 57 2 69 3 26 4 55 5 52 6 32 7 15 8 37 9 4 10 34 11 14 12 78 13 36 14 16 15 9 16 48 17 77 18 90 19 89 20 59
1 75 2 89 3 79 4 67 5 53 6 63 7 31 8 87 9 45 10 7 11 49 12 8 13 80 14 47 15 71 16 41 17 59 18 35 19 32 20 51
1 7 2 47 3 53 4 91 5 17 6 32 7 32 8 26 9 1 10 99 11 46 12 30 13 25 14 68 15 38 16 83 17 56 18 84 19 3 20 2
1 86 2 93 3 14 4 84 5 51 6 46 7 57 8 13 9 34 10 2 11 74 12 41 13 85 14 25 15 87 16 10 17 65 18 84 19 82 20 99
1 21 2 98 3 99 4 54 5 88 6 9 7 58 8 97 9 15 10 66 11 53 12 44 13 70 14 40 15 99 16 18 17 10 18 7 19 99 20 27
1 67 2 67 3 11 4 99 5 13 6 3 7 73 8 45 9 44 10 62 11 97 12 52 13 40 14 17 15 54 16 27 17 86 18 2 19 22 20 47
1 28 2 45 3 18 4 48 5 41 6 48 7 26 8 78 9 40 10 52 11 97 12 2 13 42 14 61 15 51 16 72 17 7 18 51 19 7 20 24
1 17 2 44 3 99 4 88 5 54 6 60 7 32 8 87 9 53 10 48 11 67 12 69 13 38 14 59 15 45 16 49 17 88 18 55 19 92 20 8
Reldue
-1	2094	-1	5
-1	3061	-1	9
-1	973	-1	9
-1	2211	-1	10
-1	2151	-1	4
-1	3033	-1	1
-1	3306	-1	8
-1	2915	-1	1
-1	3038	-1	4
-1	2936	-1	6
-1	2384	-1	4
-1	1397	-1	10
-1	2759	-1	10
-1	2221	-1	2
-1	1146	-1	10
-1	2340	-1	9
-1	1188	-1	3
-1	2548	-1	9
-1	3219	-1	8
-1	1887	-1	6
-1	2102	-1	1
-1	1717	-1	8
-1	3123	-1	3
-1	1616	-1	10
-1	3140	-1	6
-1	1301	-1	3
-1	1352	-1	7
-1	4055	-1	4
-1	1117	-1	5
-1	2505	-1	1
-1	4723	-1	9
-1	1452	-1	1
-1	1481	-1	6
-1	1251	-1	2
-1	2341	-1	3
-1	2260	-1	1
-1	2138	-1	5
-1	1963	-1	7
-1	3716	-1	6
-1	3400	-1	10
-1	2920	-1	10
-1	3217	-1	3
-1	3306	-1	4
-1	1714	-1	1
-1	2691	-1	9
-1	1372	-1	4
-1	2358	-1	3
-1	3529	-1	10
-1	3012	-1	7
-1	1475	-1	5
-1	2177	-1	9
-1	3847	-1	9
-1	2474	-1	2
-1	1117	-1	1
-1	888	-1	4
-1	4422	-1	6
-1	2370	-1	8
-1	2762	-1	6
-1	2198	-1	3
-1	1680	-1	6
