70 20
1 80 2 84 3 85 4 88 5 81 6 8 7 27 8 17 9 41 10 47 11 63 12 87 13 45 14 77 15 10 16 85 17 14 18 16 19 77 20 61
1 65 2 84 3 67 4 90 5 47 6 22 7 93 8 91 9 83 10 32 11 83 12 32 13 76 14 52 15 85 16 7 17 93 18 32 19 5 20 14
1 62 2 40 3 57 4 7 5 2 6 65 7 71 8 4 9 40 10 55 11 65 12 91 13 41 14 11 15 35 16 87 17 99 18 35 19 72 20 98
1 2 2 18 3 84 4 50 5 7 6 25 7 65 8 27 9 99 10 38 11 36 12 77 13 33 14 93 15 16 16 19 17 18 18 97 19 54 20 91
1 90 2 8 3 55 4 90 5 54 6 21 7 30 8 28 9 40 10 88 11 44 12 84 13 24 14 16 15 47 16 14 17 50 18 92 19 58 20 82
1 57 2 9 3 82 4 97 5 20 6 53 7 28 8 51 9 61 10 87 11 55 12 66 13 68 14 37 15 72 16 45 17 83 18 82 19 19 20 3
1 22 2 24 3 50 4 68 5 64 6 80 7 62 8 51 9 85 10 43 11 7 12 59 13 87 14 30 15 88 16 99 17 78 18 50 19 21 20 26
1 54 2 98 3 44 4 89 5 25 6 15 7 91 8 19 9 53 10 57 11 78 12 45 13 68 14 80 15 36 16 12 17 52 18 71 19 95 20 43
1 35 2 33 3 84 4 56 5 32 6 92 7 21 8 84 9 10 10 47 11 18 12 96 13 51 14 85 15 42 16 88 17 7 18 92 19 91 20 76
1 78 2 41 3 22 4 44 5 35 6 69 7 51 8 85 9 75 10 94 11 78 12 91 13 84 14 74 15 52 16 24 17 88 18 16 19 15 20 34
1 5 2 80 3 51 4 31 5 99 6 57 7 30 8 18 9 82 10 86 11 49 12 1 13 28 14 6 15 63 16 45 17 77 18 3 19 61 20 51
1 80 2 95 3 69 4 92 5 97 6 62 7 75 8 42 9 13 10 48 11 90 12 5 13 62 14 24 15 44 16 58 17 90 18 32 19 58 20 51
1 20 2 17 3 67 4 87 5 37 6 55 7 79 8 20 9 50 10 46 11 37 12 74 13 54 14 87 15 88 16 67 17 28 18 23 19 13 20 68
1 19 2 51 3 55 4 77 5 77 6 66 7 4 8 78 9 21 10 25 11 2 12 34 13 29 14 24 15 76 16 86 17 76 18 96 19 52 20 74
1 1 2 31 3 13 4 65 5 48 6 30 7 70 8 62 9 95 10 9 11 95 12 94 13 42 14 37 15 84 16 16 17 52 18 12 19 83 20 27
1 65 2 98 3 40 4 47 5 66 6 45 7 22 8 63 9 46 10 56 11 58 12 3 13 23 14 59 15 11 16 92 17 48 18 76 19 11 20 56
1 50 2 67 3 58 4 78 5 48 6 47 7 15 8 33 9 7 10 94 11 18 12 42 13 9 14 17 15 71 16 99 17 11 18 66 19 71 20 86
1 19 2 36 3 43 4 19 5 15 6 38 7 85 8 31 9 95 10 65 11 94 12 21 13 54 14 98 15 54 16 67 17 91 18 96 19 86 20 40
1 7 2 63 3 29 4 90 5 90 6 7 7 13 8 12 9 39 10 1 11 2 12 10 13 4 14 48 15 61 16 7 17 75 18 15 19 25 20 43
1 68 2 7 3 63 4 47 5 5 6 74 7 86 8 60 9 86 10 33 11 2 12 1 13 17 14 76 15 33 16 75 17 90 18 59 19 99 20 92
1 86 2 58 3 37 4 94 5 49 6 78 7 67 8 14 9 36 10 43 11 48 12 82 13 44 14 31 15 58 16 3 17 37 18 15 19 73 20 76
1 14 2 98 3 58 4 57 5 50 6 66 7 60 8 56 9 65 10 77 11 40 12 86 13 79 14 35 15 79 16 72 17 60 18 74 19 8 20 14
1 77 2 38 3 1 4 36 5 7 6 53 7 80 8 84 9 39 10 16 11 80 12 13 13 38 14 70 15 41 16 49 17 50 18 8 19 34 20 71
1 52 2 89 3 41 4 29 5 89 6 1 7 6 8 93 9 77 10 10 11 40 12 40 13 54 14 47 15 47 16 40 17 66 18 11 19 88 20 35
1 25 2 70 3 98 4 61 5 52 6 38 7 60 8 77 9 36 10 42 11 75 12 97 13 11 14 56 15 16 16 38 17 9 18 24 19 93 20 21
1 92 2 43 3 5 4 52 5 8 6 20 7 46 8 37 9 61 10 49 11 30 12 24 13 43 14 48 15 45 16 48 17 7 18 49 19 75 20 79
1 97 2 64 3 73 4 76 5 95 6 5 7 83 8 31 9 7 10 4 11 44 12 10 13 82 14 62 15 84 16 94 17 48 18 37 19 52 20 72
1 12 2 2 3 7 4 95 5 57 6 71 7 69 8 95 9 39 10 5 11 84 12 90 13 81 14 26 15 96 16 91 17 45 18 7 19 42 20 23
1 47 2 74 3 15 4 83 5 76 6 94 7 69 8 72 9 44 10 13 11 32 12 97 13 37 14 92 15 81 16 53 17 74 18 33 19 78 20 89
1 74 2 71 3 56 4 94 5 72 6 72 7 90 8 78 9 32 10 10 11 74 12 56 13 10 14 53 15 10 16 59 17 62 18 47 19 13 20 53
1 89 2 37 3 94 4 98 5 17 6 97 7 71 8 52 9 75 10 87 11 85 12 59 13 71 14 31 15 52 16 79 17 44 18 2 19 82 20 70
1 58 2 83 3 53 4 13 5 20 6 90 7 89 8 76 9 96 10 19 11 39 12 87 13 42 14 74 15 72 16 85 17 12 18 35 19 71 20 46
1 49 2 46 3 83 4 64 5 44 6 48 7 83 8 78 9 69 10 81 11 92 12 60 13 86 14 98 15 3 16 5 17 26 18 8 19 64 20 68
1 4 2 53 3 55 4 18 5 25 6 72 7 86 8 47 9 20 10 32 11 23 12 88 13 86 14 10 15 94 16 40 17 22 18 63 19 75 20 42
1 87 2 2 3 76 4 58 5 33 6 94 7 22 8 19 9 46 10 45 11 58 12 23 13 5 14 3 15 69 16 83 17 19 18 45 19 96 20 73
1 50 2 66 3 63 4 92 5 65 6 27 7 76 8 33 9 70 10 51 11 22 12 18 13 34 14 31 15 35 16 95 17 14 18 58 19 22 20 97
1 69 2 66 3 67 4 52 5 68 6 97 7 76 8 99 9 70 10 16 11 23 12 26 13 76 14 40 15 29 16 30 17 40 18 28 19 61 20 25
1 94 2 20 3 29 4 13 5 96 6 53 7 97 8 46 9 90 10 91 11 79 12 71 13 15 14 89 15 14 16 79 17 39 18 55 19 35 20 74
1 70 2 94 3 28 4 56 5 37 6 17 7 7 8 66 9 58 10 32 11 65 12 70 13 44 14 41 15 86 16 19 17 35 18 69 19 94 20 57
1 30 2 48 3 25 4 90 5 63 6 23 7 15 8 18 9 63 10 28 11 93 12 22 13 40 14 69 15 72 16 66 17 52 18 83 19 98 20 2
1 35 2 75 3 48 4 84 5 24 6 45 7 22 8 92 9 10 10 36 11 36 12 38 13 47 14 49 15 85 16 33 17 98 18 24 19 24 20 85
1 36 2 21 3 14 4 32 5 43 6 79 7 33 8 98 9 38 10 39 11 15 12 24 13 24 14 36 15 42 16 49 17 6 18 39 19 90 20 75
1 9 2 42 3 23 4 20 5 26 6 71 7 41 8 18 9 21 10 9 11 24 12 21 13 91 14 85 15 25 16 78 17 48 18 16 19 90 20 85
1 51 2 78 3 25 4 34 5 84 6 61 7 18 8 25 9 80 10 14 11 69 12 72 13 43 14 31 15 7 16 50 17 57 18 61 19 26 20 64
1 76 2 22 3 64 4 1 5 26 6 61 7 29 8 65 9 51 10 69 11 68 12 47 13 47 14 54 15 67 16 42 17 36 18 11 19 15 20 85
1 79 2 66 3 99 4 74 5 60 6 17 7 9 8 73 9 78 10 82 11 37 12 50 13 82 14 78 15 25 16 92 17 28 18 53 19 38 20 81
1 3 2 15 3 70 4 72 5 31 6 79 7 6 8 58 9 13 10 45 11 9 12 32 13 42 14 59 15 54 16 54 17 22 18 86 19 64 20 51
1 26 2 27 3 46 4 38 5 28 6 92 7 35 8 96 9 19 10 66 11 63 12 63 13 18 14 59 15 28 16 1 17 24 18 60 19 42 20 7
1 81 2 74 3 89 4 54 5 85 6 48 7 81 8 35 9 10 10 3 11 26 12 42 13 93 14 85 15 21 16 41 17 80 18 2 19 14 20 31
1 4 2 93 3 50 4 93 5 90 6 18 7 21 8 75 9 71 10 44 11 89 12 21 13 84 14 83 15 38 16 19 17 36 18 65 19 50 20 60
1 53 2 85 3 16 4 41 5 55 6 90 7 62 8 20 9 38 10 90 11 84 12 70 13 9 14 97 15 83 16 41 17 35 18 4 19 31 20 98
1 14 2 3 3 43 4 95 5 95 6 4 7 75 8 22 9 99 10 19 11 81 12 91 13 4 14 34 15 15 16 32 17 53 18 7 19 45 20 80
1 46 2 23 3 99 4 75 5 45 6 42 7 6 8 53 9 83 10 4 11 71 12 31 13 15 14 68 15 77 16 27 17 10 18 23 19 72 20 2
1 69 2 59 3 96 4 99 5 65 6 38 7 85 8 41 9 56 10 16 11 30 12 48 13 74 14 95 15 39 16 76 17 83 18 10 19 48 20 37
1 30 2 11 3 94 4 47 5 13 6 9 7 55 8 9 9 4 10 33 11 8 12 83 13 15 14 46 15 85 16 51 17 83 18 49 19 5 20 11
1 23 2 91 3 8 4 39 5 9 6 80 7 12 8 89 9 37 10 30 11 61 12 24 13 37 14 33 15 40 16 39 17 88 18 8 19 57 20 64
1 24 2 44 3 90 4 97 5 64 6 21 7 15 8 27 9 31 10 20 11 47 12 63 13 15 14 22 15 94 16 1 17 42 18 30 19 96 20 58
1 38 2 11 3 36 4 70 5 1 6 70 7 95 8 6 9 58 10 45 11 31 12 75 13 89 14 87 15 79 16 91 17 7 18 14 19 98 20 72
1 42 2 35 3 9 4 59 5 31 6 87 7 37 8 53 9 88 10 66 11 14 12 73 13 21 14 80 15 12 16 10 17 39 18 21 19 80 20 77
1 92 2 14 3 79 4 80 5 83 6 48 7 38 8 75 9 73 10 36 11 96 12 79 13 28 14 42 15 31 16 4 17 82 18 84 19 95 20 9
1 31 2 55 3 85 4 45 5 83 6 55 7 35 8 8 9 94 10 93 11 85 12 36 13 44 14 83 15 16 16 17 17 65 18 21 19 21 20 87
1 71 2 97 3 3 4 48 5 86 6 27 7 65 8 85 9 91 10 62 11 43 12 17 13 50 14 17 15 88 16 5 17 92 18 3 19 5 20 19
1 60 2 69 3 91 4 28 5 42 6 66 7 90 8 16 9 96 10 9 11 59 12 10 13 26 14 69 15 38 16 82 17 99 18 79 19 59 20 74
1 15 2 53 3 10 4 66 5 89 6 59 7 62 8 20 9 45 10 53 11 97 12 29 13 36 14 4 15 64 16 18 17 52 18 29 19 9 20 64
1 72 2 7 3 86 4 46 5 92 6 56 7 93 8 71 9 82 10 25 11 68 12 88 13 55 14 34 15 45 16 73 17 76 18 98 19 92 20 26
1 70 2 85 3 20 4 42 5 45 6 64 7 67 8 66 9 50 10 49 11 85 12 64 13 23 14 66 15 42 16 60 17 45 18 50 19 98 20 61
1 93 2 72 3 95 4 38 5 79 6 26 7 46 8 68 9 90 10 17 11 79 12 30 13 88 14 19 15 58 16 14 17 95 18 12 19 87 20 42
1 92 2 17 3 13 4 27 5 68 6 15 7 55 8 42 9 92 10 7 11 49 12 25 13 89 14 72 15 40 16 85 17 79 18 83 19 72 20 25
1 84 2 61 3 58 4 60 5 78 6 92 7 91 8 76 9 18 10 46 11 93 12 28 13 10 14 35 15 79 16 62 17 30 18 16 19 59 20 70
1 64 2 53 3 61 4 26 5 62 6 11 7 1 8 57 9 15 10 99 11 7 12 63 13 26 14 52 15 57 16 15 17 96 18 13 19 44 20 76
Reldue
-1	2910	-1	1
-1	3128	-1	5
-1	3506	-1	1
-1	1209	-1	4
-1	1575	-1	9
-1	2965	-1	10
-1	4021	-1	5
-1	1973	-1	9
-1	4336	-1	2
-1	2337	-1	1
-1	1109	-1	10
-1	4481	-1	4
-1	1558	-1	3
-1	1549	-1	8
-1	1200	-1	5
-1	2158	-1	2
-1	1890	-1	3
-1	3200	-1	3
-1	1657	-1	1
-1	4244	-1	9
-1	3778	-1	9
-1	4351	-1	5
-1	1125	-1	6
-1	1245	-1	6
-1	2744	-1	3
-1	1496	-1	9
-1	1697	-1	2
-1	2979	-1	5
-1	3215	-1	6
-1	1210	-1	1
-1	3953	-1	8
-1	1969	-1	2
-1	4604	-1	7
-1	3332	-1	8
-1	2051	-1	9
-1	3977	-1	1
-1	2610	-1	10
-1	2787	-1	1
-1	2265	-1	1
-1	1362	-1	3
-1	3678	-1	4
-1	2117	-1	9
-1	1455	-1	10
-1	1875	-1	2
-1	1944	-1	6
-1	3474	-1	1
-1	962	-1	1
-1	3341	-1	4
-1	1899	-1	6
-1	2173	-1	4
-1	1274	-1	9
-1	1498	-1	5
-1	947	-1	6
-1	1814	-1	1
-1	2447	-1	5
-1	2348	-1	6
-1	2756	-1	6
-1	1796	-1	2
-1	2169	-1	9
-1	3833	-1	2
-1	1121	-1	9
-1	1914	-1	7
-1	3270	-1	2
-1	2758	-1	8
-1	4036	-1	9
-1	4442	-1	4
-1	3856	-1	5
-1	1786	-1	3
-1	1710	-1	6
-1	3322	-1	5
