90 20
1 56 2 18 3 52 4 6 5 7 6 96 7 35 8 54 9 48 10 2 11 5 12 89 13 24 14 1 15 36 16 37 17 63 18 36 19 17 20 28
1 38 2 47 3 54 4 78 5 51 6 60 7 53 8 4 9 83 10 10 11 82 12 19 13 38 14 1 15 4 16 82 17 83 18 8 19 20 20 72
1 92 2 35 3 90 4 11 5 63 6 16 7 81 8 2 9 85 10 64 11 9 12 51 13 36 14 40 15 13 16 44 17 19 18 81 19 44 20 41
1 79 2 66 3 89 4 27 5 13 6 85 7 16 8 89 9 91 10 7 11 68 12 27 13 19 14 15 15 14 16 24 17 85 18 47 19 57 20 18
1 38 2 76 3 85 4 15 5 76 6 78 7 61 8 50 9 22 10 77 11 17 12 54 13 46 14 62 15 53 16 92 17 83 18 4 19 89 20 27
1 32 2 45 3 22 4 11 5 14 6 31 7 62 8 62 9 52 10 87 11 75 12 84 13 39 14 23 15 26 16 29 17 96 18 3 19 86 20 30
1 20 2 66 3 43 4 73 5 17 6 98 7 41 8 96 9 65 10 7 11 24 12 50 13 77 14 22 15 6 16 80 17 45 18 29 19 16 20 31
1 12 2 61 3 24 4 16 5 50 6 56 7 59 8 12 9 94 10 62 11 92 12 16 13 50 14 88 15 18 16 12 17 70 18 80 19 26 20 94
1 85 2 45 3 31 4 11 5 86 6 95 7 57 8 78 9 82 10 93 11 71 12 58 13 78 14 5 15 7 16 2 17 19 18 87 19 81 20 95
1 48 2 76 3 76 4 85 5 31 6 37 7 61 8 27 9 37 10 55 11 73 12 53 13 47 14 2 15 79 16 81 17 47 18 46 19 91 20 51
1 53 2 68 3 84 4 19 5 48 6 49 7 16 8 12 9 13 10 11 11 68 12 94 13 71 14 21 15 35 16 71 17 88 18 98 19 20 20 51
1 77 2 45 3 72 4 88 5 24 6 72 7 1 8 44 9 13 10 50 11 10 12 14 13 60 14 92 15 38 16 79 17 4 18 75 19 89 20 1
1 74 2 86 3 87 4 46 5 20 6 34 7 94 8 43 9 53 10 84 11 59 12 53 13 95 14 24 15 87 16 53 17 83 18 40 19 44 20 88
1 57 2 48 3 28 4 28 5 22 6 67 7 63 8 76 9 21 10 78 11 22 12 2 13 90 14 66 15 66 16 18 17 72 18 5 19 65 20 10
1 84 2 70 3 67 4 47 5 75 6 82 7 36 8 50 9 17 10 54 11 63 12 46 13 58 14 82 15 73 16 54 17 63 18 92 19 27 20 3
1 24 2 27 3 2 4 42 5 23 6 92 7 96 8 17 9 21 10 23 11 43 12 20 13 27 14 91 15 98 16 8 17 66 18 5 19 71 20 38
1 13 2 2 3 66 4 57 5 5 6 84 7 78 8 77 9 80 10 85 11 23 12 45 13 70 14 63 15 45 16 97 17 75 18 79 19 48 20 64
1 66 2 13 3 51 4 33 5 29 6 67 7 16 8 75 9 59 10 76 11 90 12 33 13 89 14 74 15 57 16 29 17 77 18 33 19 82 20 76
1 27 2 92 3 58 4 58 5 73 6 63 7 63 8 44 9 79 10 66 11 4 12 10 13 82 14 95 15 12 16 24 17 25 18 86 19 75 20 85
1 7 2 86 3 86 4 35 5 2 6 29 7 62 8 93 9 94 10 32 11 50 12 86 13 97 14 82 15 70 16 74 17 70 18 93 19 13 20 98
1 77 2 82 3 86 4 35 5 38 6 83 7 62 8 19 9 97 10 2 11 8 12 85 13 1 14 26 15 46 16 14 17 81 18 72 19 48 20 99
1 84 2 31 3 78 4 71 5 37 6 39 7 13 8 81 9 77 10 17 11 96 12 18 13 43 14 14 15 67 16 64 17 72 18 78 19 13 20 61
1 99 2 8 3 21 4 76 5 19 6 99 7 89 8 19 9 58 10 79 11 73 12 13 13 39 14 71 15 28 16 48 17 42 18 76 19 94 20 42
1 84 2 71 3 20 4 19 5 34 6 32 7 46 8 87 9 1 10 28 11 15 12 94 13 90 14 96 15 95 16 18 17 4 18 77 19 26 20 26
1 20 2 22 3 35 4 94 5 90 6 99 7 38 8 34 9 53 10 34 11 70 12 6 13 25 14 20 15 75 16 77 17 58 18 85 19 38 20 94
1 67 2 99 3 11 4 98 5 94 6 23 7 33 8 95 9 56 10 16 11 39 12 40 13 62 14 55 15 26 16 44 17 95 18 55 19 87 20 93
1 63 2 59 3 84 4 64 5 49 6 44 7 95 8 84 9 30 10 2 11 32 12 51 13 9 14 13 15 39 16 76 17 56 18 37 19 3 20 91
1 26 2 78 3 81 4 50 5 53 6 34 7 62 8 72 9 14 10 39 11 21 12 64 13 34 14 32 15 77 16 69 17 21 18 65 19 81 20 43
1 7 2 82 3 8 4 65 5 74 6 69 7 60 8 76 9 68 10 77 11 38 12 95 13 19 14 64 15 76 16 88 17 52 18 75 19 29 20 95
1 59 2 16 3 46 4 63 5 57 6 99 7 85 8 18 9 33 10 23 11 69 12 64 13 9 14 87 15 98 16 97 17 25 18 95 19 58 20 45
1 68 2 47 3 17 4 21 5 76 6 72 7 26 8 86 9 80 10 58 11 53 12 45 13 40 14 28 15 42 16 85 17 27 18 55 19 15 20 86
1 68 2 19 3 94 4 12 5 94 6 88 7 76 8 36 9 74 10 97 11 51 12 99 13 16 14 46 15 51 16 3 17 40 18 62 19 81 20 4
1 34 2 35 3 28 4 37 5 32 6 61 7 85 8 61 9 1 10 39 11 45 12 62 13 22 14 34 15 37 16 42 17 25 18 50 19 32 20 72
1 46 2 99 3 7 4 26 5 64 6 85 7 35 8 59 9 86 10 77 11 83 12 80 13 97 14 19 15 66 16 13 17 55 18 85 19 68 20 83
1 83 2 71 3 91 4 98 5 91 6 11 7 34 8 27 9 42 10 60 11 85 12 87 13 23 14 70 15 20 16 7 17 84 18 42 19 6 20 58
1 54 2 18 3 47 4 38 5 39 6 9 7 13 8 25 9 11 10 14 11 99 12 76 13 91 14 63 15 10 16 44 17 25 18 37 19 18 20 29
1 19 2 42 3 33 4 67 5 84 6 44 7 59 8 45 9 9 10 46 11 40 12 35 13 5 14 96 15 79 16 88 17 65 18 84 19 84 20 57
1 17 2 65 3 33 4 4 5 12 6 9 7 88 8 74 9 11 10 22 11 65 12 38 13 23 14 51 15 78 16 87 17 62 18 98 19 20 20 54
1 15 2 29 3 33 4 46 5 86 6 87 7 35 8 93 9 47 10 77 11 52 12 19 13 29 14 77 15 41 16 91 17 63 18 10 19 62 20 69
1 88 2 87 3 19 4 96 5 70 6 31 7 28 8 5 9 9 10 15 11 1 12 94 13 16 14 40 15 41 16 68 17 85 18 32 19 44 20 52
1 78 2 87 3 50 4 49 5 47 6 18 7 50 8 22 9 54 10 1 11 90 12 97 13 2 14 6 15 36 16 24 17 42 18 97 19 61 20 4
1 23 2 79 3 10 4 93 5 33 6 56 7 1 8 32 9 68 10 65 11 26 12 43 13 87 14 22 15 45 16 33 17 12 18 47 19 44 20 92
1 94 2 54 3 74 4 77 5 40 6 12 7 44 8 13 9 52 10 86 11 28 12 70 13 49 14 62 15 73 16 19 17 67 18 31 19 74 20 99
1 55 2 62 3 2 4 10 5 87 6 95 7 1 8 2 9 20 10 64 11 30 12 5 13 44 14 8 15 11 16 21 17 60 18 33 19 98 20 56
1 99 2 93 3 39 4 65 5 32 6 25 7 21 8 68 9 27 10 64 11 9 12 33 13 9 14 86 15 10 16 91 17 72 18 57 19 32 20 80
1 35 2 53 3 82 4 83 5 49 6 93 7 15 8 41 9 5 10 61 11 96 12 66 13 70 14 80 15 25 16 47 17 11 18 14 19 40 20 57
1 42 2 34 3 35 4 53 5 52 6 77 7 68 8 11 9 55 10 41 11 68 12 26 13 84 14 47 15 36 16 53 17 36 18 44 19 99 20 31
1 59 2 96 3 52 4 23 5 24 6 67 7 17 8 52 9 13 10 33 11 78 12 5 13 26 14 37 15 96 16 44 17 13 18 8 19 39 20 81
1 81 2 42 3 72 4 12 5 60 6 55 7 83 8 88 9 75 10 42 11 49 12 42 13 26 14 74 15 1 16 36 17 17 18 59 19 81 20 73
1 23 2 45 3 16 4 74 5 20 6 94 7 8 8 71 9 88 10 87 11 52 12 29 13 32 14 53 15 69 16 72 17 61 18 5 19 37 20 79
1 25 2 21 3 58 4 51 5 47 6 30 7 70 8 79 9 14 10 81 11 45 12 11 13 82 14 61 15 30 16 10 17 16 18 54 19 31 20 15
1 28 2 56 3 71 4 42 5 77 6 55 7 54 8 64 9 48 10 28 11 89 12 73 13 59 14 25 15 58 16 54 17 6 18 29 19 42 20 94
1 45 2 57 3 68 4 93 5 49 6 2 7 23 8 51 9 37 10 15 11 33 12 78 13 72 14 93 15 94 16 50 17 74 18 6 19 92 20 27
1 55 2 67 3 10 4 41 5 86 6 43 7 3 8 56 9 46 10 29 11 4 12 31 13 88 14 74 15 64 16 80 17 32 18 70 19 70 20 94
1 2 2 56 3 26 4 5 5 9 6 87 7 24 8 91 9 69 10 58 11 60 12 45 13 43 14 44 15 15 16 73 17 28 18 99 19 65 20 49
1 80 2 84 3 85 4 88 5 81 6 8 7 27 8 17 9 41 10 47 11 63 12 87 13 45 14 77 15 10 16 85 17 14 18 16 19 77 20 61
1 65 2 84 3 67 4 90 5 47 6 22 7 93 8 91 9 83 10 32 11 83 12 32 13 76 14 52 15 85 16 7 17 93 18 32 19 5 20 14
1 62 2 40 3 57 4 7 5 2 6 65 7 71 8 4 9 40 10 55 11 65 12 91 13 41 14 11 15 35 16 87 17 99 18 35 19 72 20 98
1 2 2 18 3 84 4 50 5 7 6 25 7 65 8 27 9 99 10 38 11 36 12 77 13 33 14 93 15 16 16 19 17 18 18 97 19 54 20 91
1 90 2 8 3 55 4 90 5 54 6 21 7 30 8 28 9 40 10 88 11 44 12 84 13 24 14 16 15 47 16 14 17 50 18 92 19 58 20 82
1 57 2 9 3 82 4 97 5 20 6 53 7 28 8 51 9 61 10 87 11 55 12 66 13 68 14 37 15 72 16 45 17 83 18 82 19 19 20 3
1 22 2 24 3 50 4 68 5 64 6 80 7 62 8 51 9 85 10 43 11 7 12 59 13 87 14 30 15 88 16 99 17 78 18 50 19 21 20 26
1 54 2 98 3 44 4 89 5 25 6 15 7 91 8 19 9 53 10 57 11 78 12 45 13 68 14 80 15 36 16 12 17 52 18 71 19 95 20 43
1 35 2 33 3 84 4 56 5 32 6 92 7 21 8 84 9 10 10 47 11 18 12 96 13 51 14 85 15 42 16 88 17 7 18 92 19 91 20 76
1 78 2 41 3 22 4 44 5 35 6 69 7 51 8 85 9 75 10 94 11 78 12 91 13 84 14 74 15 52 16 24 17 88 18 16 19 15 20 34
1 5 2 80 3 51 4 31 5 99 6 57 7 30 8 18 9 82 10 86 11 49 12 1 13 28 14 6 15 63 16 45 17 77 18 3 19 61 20 51
1 80 2 95 3 69 4 92 5 97 6 62 7 75 8 42 9 13 10 48 11 90 12 5 13 62 14 24 15 44 16 58 17 90 18 32 19 58 20 51
1 20 2 17 3 67 4 87 5 37 6 55 7 79 8 20 9 50 10 46 11 37 12 74 13 54 14 87 15 88 16 67 17 28 18 23 19 13 20 68
1 19 2 51 3 55 4 77 5 77 6 66 7 4 8 78 9 21 10 25 11 2 12 34 13 29 14 24 15 76 16 86 17 76 18 96 19 52 20 74
1 1 2 31 3 13 4 65 5 48 6 30 7 70 8 62 9 95 10 9 11 95 12 94 13 42 14 37 15 84 16 16 17 52 18 12 19 83 20 27
1 65 2 98 3 40 4 47 5 66 6 45 7 22 8 63 9 46 10 56 11 58 12 3 13 23 14 59 15 11 16 92 17 48 18 76 19 11 20 56
1 50 2 67 3 58 4 78 5 48 6 47 7 15 8 33 9 7 10 94 11 18 12 42 13 9 14 17 15 71 16 99 17 11 18 66 19 71 20 86
1 19 2 36 3 43 4 19 5 15 6 38 7 85 8 31 9 95 10 65 11 94 12 21 13 54 14 98 15 54 16 67 17 91 18 96 19 86 20 40
1 7 2 63 3 29 4 90 5 90 6 7 7 13 8 12 9 39 10 1 11 2 12 10 13 4 14 48 15 61 16 7 17 75 18 15 19 25 20 43
1 68 2 7 3 63 4 47 5 5 6 74 7 86 8 60 9 86 10 33 11 2 12 1 13 17 14 76 15 33 16 75 17 90 18 59 19 99 20 92
1 86 2 58 3 37 4 94 5 49 6 78 7 67 8 14 9 36 10 43 11 48 12 82 13 44 14 31 15 58 16 3 17 37 18 15 19 73 20 76
1 14 2 98 3 58 4 57 5 50 6 66 7 60 8 56 9 65 10 77 11 40 12 86 13 79 14 35 15 79 16 72 17 60 18 74 19 8 20 14
1 77 2 38 3 1 4 36 5 7 6 53 7 80 8 84 9 39 10 16 11 80 12 13 13 38 14 70 15 41 16 49 17 50 18 8 19 34 20 71
1 52 2 89 3 41 4 29 5 89 6 1 7 6 8 93 9 77 10 10 11 40 12 40 13 54 14 47 15 47 16 40 17 66 18 11 19 88 20 35
1 25 2 70 3 98 4 61 5 52 6 38 7 60 8 77 9 36 10 42 11 75 12 97 13 11 14 56 15 16 16 38 17 9 18 24 19 93 20 21
1 92 2 43 3 5 4 52 5 8 6 20 7 46 8 37 9 61 10 49 11 30 12 24 13 43 14 48 15 45 16 48 17 7 18 49 19 75 20 79
1 97 2 64 3 73 4 76 5 95 6 5 7 83 8 31 9 7 10 4 11 44 12 10 13 82 14 62 15 84 16 94 17 48 18 37 19 52 20 72
1 12 2 2 3 7 4 95 5 57 6 71 7 69 8 95 9 39 10 5 11 84 12 90 13 81 14 26 15 96 16 91 17 45 18 7 19 42 20 23
1 47 2 74 3 15 4 83 5 76 6 94 7 69 8 72 9 44 10 13 11 32 12 97 13 37 14 92 15 81 16 53 17 74 18 33 19 78 20 89
1 74 2 71 3 56 4 94 5 72 6 72 7 90 8 78 9 32 10 10 11 74 12 56 13 10 14 53 15 10 16 59 17 62 18 47 19 13 20 53
1 89 2 37 3 94 4 98 5 17 6 97 7 71 8 52 9 75 10 87 11 85 12 59 13 71 14 31 15 52 16 79 17 44 18 2 19 82 20 70
1 58 2 83 3 53 4 13 5 20 6 90 7 89 8 76 9 96 10 19 11 39 12 87 13 42 14 74 15 72 16 85 17 12 18 35 19 71 20 46
1 49 2 46 3 83 4 64 5 44 6 48 7 83 8 78 9 69 10 81 11 92 12 60 13 86 14 98 15 3 16 5 17 26 18 8 19 64 20 68
1 4 2 53 3 55 4 18 5 25 6 72 7 86 8 47 9 20 10 32 11 23 12 88 13 86 14 10 15 94 16 40 17 22 18 63 19 75 20 42
1 87 2 2 3 76 4 58 5 33 6 94 7 22 8 19 9 46 10 45 11 58 12 23 13 5 14 3 15 69 16 83 17 19 18 45 19 96 20 73
Reldue
-1	1780	-1	7
-1	2559	-1	10
-1	2708	-1	3
-1	3073	-1	4
-1	3419	-1	6
-1	1505	-1	2
-1	1823	-1	4
-1	2020	-1	10
-1	1643	-1	6
-1	1837	-1	10
-1	3055	-1	7
-1	2858	-1	6
-1	3812	-1	10
-1	2974	-1	10
-1	3548	-1	2
-1	1414	-1	3
-1	3815	-1	4
-1	2088	-1	3
-1	2461	-1	3
-1	3553	-1	3
-1	4076	-1	3
-1	1962	-1	2
-1	4242	-1	6
-1	3793	-1	5
-1	3956	-1	10
-1	4008	-1	8
-1	1424	-1	9
-1	1436	-1	8
-1	2621	-1	6
-1	2335	-1	8
-1	3178	-1	10
-1	2037	-1	6
-1	1765	-1	2
-1	1479	-1	7
-1	2979	-1	4
-1	2249	-1	8
-1	2503	-1	5
-1	3263	-1	2
-1	2171	-1	7
-1	3526	-1	6
-1	1729	-1	5
-1	1574	-1	10
-1	3240	-1	3
-1	1099	-1	2
-1	2932	-1	3
-1	3902	-1	3
-1	2191	-1	7
-1	2725	-1	7
-1	2732	-1	9
-1	4023	-1	1
-1	1698	-1	8
-1	2559	-1	9
-1	1811	-1	5
-1	1731	-1	10
-1	1207	-1	4
-1	2258	-1	4
-1	2769	-1	5
-1	3676	-1	4
-1	3760	-1	3
-1	1732	-1	9
-1	2243	-1	3
-1	1553	-1	4
-1	2563	-1	8
-1	2265	-1	10
-1	2448	-1	4
-1	1316	-1	3
-1	2047	-1	4
-1	2302	-1	5
-1	1199	-1	4
-1	3577	-1	8
-1	1229	-1	5
-1	1649	-1	2
-1	2036	-1	8
-1	1423	-1	2
-1	1730	-1	1
-1	1763	-1	3
-1	4297	-1	9
-1	1530	-1	8
-1	2332	-1	2
-1	3706	-1	9
-1	2175	-1	8
-1	1937	-1	4
-1	3670	-1	7
-1	1922	-1	3
-1	3712	-1	2
-1	3968	-1	8
-1	2648	-1	4
-1	1396	-1	6
-1	2590	-1	7
-1	1684	-1	7
