90 20
1 18 2 81 3 1 4 72 5 23 6 52 7 74 8 67 9 39 10 2 11 69 12 50 13 37 14 10 15 32 16 62 17 9 18 1 19 98 20 79
1 56 2 78 3 4 4 27 5 50 6 47 7 37 8 67 9 65 10 52 11 3 12 83 13 14 14 34 15 24 16 52 17 4 18 36 19 88 20 7
1 7 2 45 3 69 4 16 5 41 6 14 7 71 8 6 9 67 10 26 11 44 12 10 13 22 14 62 15 81 16 71 17 35 18 52 19 39 20 89
1 90 2 13 3 91 4 54 5 10 6 36 7 26 8 73 9 50 10 88 11 71 12 1 13 5 14 71 15 29 16 56 17 72 18 9 19 88 20 3
1 22 2 23 3 50 4 20 5 25 6 82 7 53 8 50 9 35 10 81 11 59 12 64 13 10 14 7 15 97 16 33 17 65 18 18 19 92 20 19
1 26 2 18 3 94 4 42 5 24 6 29 7 97 8 4 9 6 10 46 11 98 12 52 13 57 14 69 15 2 16 30 17 75 18 60 19 43 20 73
1 59 2 12 3 33 4 50 5 61 6 23 7 65 8 97 9 18 10 14 11 51 12 46 13 60 14 20 15 8 16 70 17 50 18 86 19 9 20 52
1 93 2 52 3 69 4 39 5 56 6 75 7 36 8 23 9 45 10 19 11 63 12 59 13 63 14 76 15 8 16 90 17 5 18 5 19 11 20 37
1 10 2 35 3 3 4 62 5 35 6 19 7 93 8 27 9 52 10 14 11 28 12 98 13 20 14 84 15 89 16 38 17 96 18 45 19 4 20 62
1 47 2 41 3 31 4 65 5 19 6 34 7 38 8 78 9 46 10 65 11 95 12 22 13 79 14 84 15 70 16 5 17 84 18 35 19 52 20 16
1 34 2 63 3 31 4 2 5 79 6 65 7 37 8 93 9 54 10 51 11 58 12 16 13 58 14 86 15 64 16 52 17 24 18 36 19 75 20 98
1 51 2 11 3 95 4 85 5 36 6 93 7 92 8 50 9 55 10 45 11 22 12 26 13 97 14 21 15 31 16 3 17 92 18 24 19 84 20 15
1 27 2 73 3 79 4 58 5 98 6 91 7 14 8 49 9 92 10 56 11 37 12 38 13 24 14 24 15 63 16 53 17 62 18 51 19 6 20 69
1 45 2 82 3 25 4 70 5 1 6 4 7 68 8 59 9 81 10 65 11 19 12 86 13 46 14 56 15 1 16 74 17 81 18 36 19 17 20 46
1 77 2 5 3 87 4 16 5 54 6 13 7 54 8 41 9 17 10 44 11 45 12 28 13 87 14 76 15 62 16 4 17 87 18 52 19 91 20 34
1 75 2 21 3 23 4 49 5 37 6 14 7 33 8 79 9 6 10 63 11 12 12 38 13 96 14 35 15 1 16 67 17 45 18 61 19 28 20 29
1 9 2 90 3 74 4 64 5 12 6 33 7 32 8 77 9 70 10 18 11 37 12 56 13 14 14 95 15 91 16 6 17 53 18 18 19 51 20 95
1 33 2 75 3 3 4 66 5 6 6 48 7 25 8 20 9 68 10 40 11 33 12 3 13 46 14 87 15 67 16 67 17 73 18 16 19 11 20 25
1 90 2 35 3 76 4 62 5 66 6 89 7 73 8 51 9 69 10 31 11 41 12 47 13 82 14 11 15 75 16 71 17 89 18 59 19 95 20 49
1 33 2 20 3 21 4 99 5 11 6 93 7 21 8 43 9 8 10 45 11 67 12 59 13 56 14 37 15 92 16 62 17 33 18 80 19 89 20 56
1 3 2 2 3 15 4 89 5 43 6 25 7 84 8 55 9 97 10 56 11 41 12 31 13 41 14 47 15 48 16 32 17 17 18 98 19 34 20 30
1 35 2 2 3 86 4 20 5 26 6 51 7 91 8 92 9 92 10 19 11 63 12 7 13 1 14 20 15 9 16 2 17 48 18 92 19 64 20 2
1 52 2 91 3 96 4 79 5 92 6 69 7 3 8 35 9 42 10 8 11 54 12 84 13 24 14 3 15 38 16 40 17 91 18 89 19 76 20 63
1 30 2 59 3 46 4 95 5 64 6 16 7 71 8 64 9 70 10 74 11 38 12 10 13 98 14 73 15 54 16 16 17 19 18 37 19 73 20 40
1 46 2 45 3 86 4 47 5 49 6 22 7 36 8 15 9 32 10 46 11 48 12 53 13 97 14 24 15 18 16 19 17 94 18 10 19 55 20 35
1 4 2 48 3 19 4 18 5 43 6 43 7 15 8 11 9 57 10 6 11 10 12 74 13 17 14 68 15 2 16 53 17 95 18 46 19 92 20 36
1 61 2 82 3 63 4 34 5 59 6 58 7 34 8 68 9 12 10 98 11 57 12 60 13 62 14 33 15 13 16 24 17 59 18 24 19 68 20 40
1 74 2 65 3 66 4 31 5 47 6 57 7 56 8 98 9 61 10 21 11 45 12 50 13 88 14 46 15 83 16 65 17 88 18 27 19 71 20 82
1 78 2 38 3 49 4 72 5 70 6 34 7 8 8 92 9 23 10 10 11 57 12 18 13 38 14 80 15 92 16 47 17 9 18 48 19 24 20 84
1 44 2 55 3 28 4 86 5 56 6 11 7 83 8 57 9 37 10 58 11 53 12 99 13 11 14 21 15 60 16 36 17 47 18 19 19 21 20 40
1 20 2 85 3 96 4 4 5 31 6 16 7 35 8 9 9 85 10 58 11 50 12 93 13 16 14 72 15 27 16 43 17 84 18 66 19 91 20 96
1 99 2 4 3 37 4 55 5 70 6 23 7 5 8 11 9 25 10 20 11 66 12 70 13 24 14 58 15 81 16 47 17 61 18 33 19 73 20 97
1 90 2 95 3 64 4 22 5 45 6 89 7 2 8 97 9 51 10 72 11 35 12 21 13 91 14 78 15 63 16 40 17 91 18 80 19 54 20 40
1 17 2 6 3 27 4 79 5 67 6 98 7 65 8 35 9 80 10 83 11 95 12 52 13 65 14 74 15 79 16 2 17 45 18 69 19 48 20 78
1 49 2 71 3 44 4 65 5 74 6 64 7 93 8 69 9 37 10 15 11 39 12 54 13 90 14 91 15 99 16 80 17 47 18 23 19 99 20 85
1 42 2 47 3 18 4 31 5 89 6 13 7 59 8 86 9 59 10 60 11 80 12 17 13 17 14 83 15 80 16 35 17 47 18 1 19 50 20 44
1 70 2 61 3 98 4 99 5 33 6 62 7 26 8 91 9 54 10 21 11 83 12 77 13 77 14 55 15 24 16 6 17 44 18 12 19 62 20 23
1 74 2 82 3 65 4 73 5 82 6 2 7 92 8 28 9 63 10 52 11 2 12 48 13 24 14 89 15 44 16 58 17 89 18 95 19 37 20 41
1 29 2 13 3 33 4 1 5 83 6 85 7 16 8 15 9 88 10 1 11 20 12 67 13 86 14 58 15 68 16 90 17 67 18 57 19 61 20 4
1 56 2 87 3 88 4 51 5 30 6 37 7 20 8 24 9 70 10 97 11 63 12 64 13 21 14 78 15 2 16 19 17 1 18 32 19 59 20 89
1 85 2 60 3 47 4 46 5 76 6 13 7 13 8 92 9 57 10 21 11 66 12 62 13 75 14 51 15 77 16 26 17 23 18 78 19 86 20 74
1 41 2 33 3 60 4 20 5 39 6 7 7 84 8 13 9 92 10 5 11 83 12 96 13 83 14 79 15 18 16 52 17 77 18 39 19 22 20 14
1 59 2 74 3 29 4 46 5 3 6 34 7 89 8 96 9 75 10 66 11 23 12 43 13 39 14 33 15 38 16 33 17 91 18 4 19 44 20 35
1 35 2 35 3 46 4 66 5 9 6 57 7 53 8 38 9 26 10 80 11 37 12 91 13 54 14 47 15 99 16 47 17 3 18 76 19 39 20 9
1 73 2 3 3 79 4 5 5 15 6 44 7 28 8 93 9 46 10 36 11 56 12 80 13 95 14 24 15 6 16 33 17 74 18 42 19 22 20 29
1 45 2 6 3 45 4 86 5 83 6 98 7 85 8 46 9 84 10 75 11 40 12 22 13 93 14 94 15 88 16 85 17 86 18 71 19 42 20 56
1 7 2 14 3 14 4 72 5 13 6 37 7 21 8 30 9 54 10 16 11 52 12 53 13 4 14 59 15 29 16 30 17 62 18 15 19 61 20 76
1 86 2 41 3 60 4 15 5 4 6 69 7 55 8 48 9 59 10 60 11 4 12 88 13 59 14 31 15 90 16 31 17 16 18 98 19 3 20 64
1 98 2 26 3 28 4 45 5 48 6 66 7 1 8 27 9 16 10 86 11 29 12 28 13 13 14 48 15 47 16 3 17 29 18 56 19 8 20 60
1 15 2 73 3 83 4 44 5 76 6 77 7 34 8 50 9 91 10 61 11 42 12 32 13 21 14 55 15 49 16 90 17 50 18 16 19 20 20 23
1 49 2 15 3 98 4 14 5 98 6 17 7 6 8 22 9 96 10 25 11 88 12 9 13 75 14 23 15 16 16 46 17 2 18 77 19 4 20 41
1 65 2 84 3 98 4 79 5 67 6 98 7 6 8 79 9 58 10 61 11 2 12 95 13 37 14 72 15 98 16 75 17 77 18 67 19 42 20 95
1 35 2 6 3 53 4 27 5 60 6 23 7 12 8 54 9 94 10 8 11 10 12 85 13 12 14 49 15 6 16 36 17 51 18 41 19 45 20 29
1 81 2 31 3 32 4 89 5 75 6 7 7 84 8 51 9 4 10 3 11 75 12 19 13 46 14 62 15 28 16 89 17 69 18 90 19 9 20 72
1 9 2 54 3 66 4 34 5 33 6 45 7 77 8 23 9 85 10 16 11 48 12 76 13 30 14 52 15 98 16 67 17 54 18 75 19 3 20 28
1 47 2 13 3 55 4 10 5 40 6 2 7 50 8 83 9 47 10 6 11 94 12 29 13 26 14 47 15 61 16 30 17 34 18 31 19 69 20 46
1 59 2 6 3 99 4 15 5 91 6 96 7 5 8 57 9 76 10 31 11 68 12 77 13 83 14 85 15 42 16 63 17 43 18 57 19 44 20 38
1 71 2 84 3 45 4 43 5 39 6 74 7 16 8 81 9 22 10 92 11 73 12 82 13 93 14 71 15 86 16 25 17 14 18 54 19 34 20 77
1 32 2 84 3 42 4 77 5 59 6 38 7 55 8 30 9 20 10 39 11 39 12 53 13 48 14 65 15 74 16 17 17 94 18 86 19 85 20 44
1 9 2 48 3 56 4 81 5 28 6 81 7 26 8 39 9 52 10 37 11 83 12 51 13 45 14 67 15 97 16 63 17 22 18 53 19 52 20 86
1 40 2 90 3 21 4 68 5 38 6 16 7 74 8 29 9 76 10 27 11 35 12 70 13 78 14 68 15 63 16 61 17 56 18 94 19 32 20 89
1 95 2 57 3 90 4 6 5 60 6 59 7 99 8 83 9 20 10 7 11 35 12 70 13 85 14 17 15 60 16 1 17 16 18 45 19 90 20 39
1 73 2 69 3 15 4 61 5 54 6 11 7 77 8 50 9 81 10 78 11 40 12 85 13 49 14 60 15 88 16 71 17 26 18 9 19 94 20 62
1 14 2 14 3 97 4 82 5 56 6 37 7 16 8 29 9 11 10 8 11 66 12 51 13 47 14 7 15 4 16 79 17 48 18 76 19 32 20 40
1 67 2 84 3 73 4 96 5 31 6 62 7 47 8 74 9 61 10 33 11 36 12 33 13 90 14 77 15 28 16 31 17 23 18 5 19 77 20 76
1 38 2 33 3 27 4 54 5 85 6 46 7 86 8 83 9 91 10 47 11 78 12 54 13 97 14 14 15 11 16 92 17 91 18 51 19 65 20 37
1 87 2 22 3 11 4 86 5 19 6 61 7 22 8 5 9 64 10 15 11 76 12 43 13 53 14 76 15 68 16 92 17 31 18 69 19 26 20 98
1 49 2 62 3 57 4 62 5 30 6 49 7 58 8 85 9 71 10 17 11 11 12 12 13 61 14 66 15 96 16 84 17 78 18 39 19 61 20 49
1 56 2 5 3 69 4 28 5 37 6 13 7 28 8 6 9 89 10 98 11 10 12 83 13 77 14 30 15 14 16 51 17 80 18 30 19 19 20 95
1 78 2 25 3 66 4 29 5 4 6 20 7 37 8 31 9 30 10 32 11 23 12 6 13 11 14 92 15 19 16 28 17 13 18 97 19 80 20 65
1 55 2 4 3 24 4 82 5 47 6 81 7 96 8 9 9 21 10 26 11 78 12 85 13 48 14 20 15 98 16 47 17 59 18 83 19 50 20 30
1 73 2 92 3 20 4 80 5 33 6 62 7 41 8 23 9 5 10 59 11 26 12 34 13 96 14 49 15 28 16 20 17 97 18 14 19 90 20 99
1 86 2 10 3 52 4 2 5 26 6 78 7 79 8 82 9 1 10 86 11 4 12 6 13 11 14 19 15 7 16 89 17 47 18 14 19 36 20 32
1 76 2 63 3 61 4 47 5 30 6 18 7 92 8 16 9 43 10 27 11 48 12 83 13 81 14 16 15 18 16 45 17 14 18 92 19 16 20 37
1 31 2 17 3 27 4 19 5 61 6 74 7 83 8 26 9 45 10 18 11 42 12 92 13 80 14 85 15 19 16 69 17 98 18 50 19 5 20 46
1 19 2 40 3 75 4 72 5 96 6 25 7 61 8 83 9 56 10 46 11 7 12 95 13 58 14 82 15 32 16 87 17 16 18 97 19 13 20 25
1 35 2 20 3 29 4 49 5 61 6 98 7 93 8 65 9 31 10 8 11 42 12 23 13 82 14 67 15 69 16 78 17 34 18 9 19 88 20 85
1 76 2 38 3 26 4 32 5 9 6 90 7 34 8 25 9 16 10 61 11 88 12 92 13 50 14 52 15 7 16 14 17 88 18 74 19 63 20 21
1 70 2 67 3 55 4 37 5 55 6 30 7 46 8 95 9 99 10 7 11 28 12 33 13 23 14 30 15 56 16 13 17 40 18 92 19 10 20 14
1 76 2 96 3 9 4 22 5 85 6 33 7 85 8 58 9 68 10 12 11 68 12 35 13 55 14 78 15 70 16 36 17 16 18 72 19 69 20 11
1 20 2 73 3 30 4 58 5 52 6 62 7 50 8 59 9 11 10 52 11 80 12 11 13 56 14 14 15 45 16 5 17 73 18 80 19 9 20 15
1 76 2 52 3 59 4 60 5 91 6 17 7 79 8 47 9 18 10 79 11 91 12 53 13 98 14 70 15 18 16 50 17 57 18 96 19 82 20 17
1 21 2 55 3 89 4 44 5 81 6 9 7 99 8 48 9 7 10 93 11 55 12 13 13 60 14 35 15 8 16 44 17 47 18 52 19 28 20 69
1 35 2 78 3 48 4 50 5 19 6 30 7 95 8 14 9 80 10 21 11 71 12 26 13 57 14 5 15 21 16 1 17 75 18 67 19 56 20 57
1 9 2 23 3 36 4 33 5 28 6 86 7 40 8 92 9 32 10 73 11 90 12 92 13 52 14 30 15 22 16 93 17 36 18 4 19 79 20 84
1 97 2 47 3 49 4 22 5 21 6 56 7 73 8 10 9 34 10 50 11 18 12 15 13 44 14 56 15 49 16 13 17 13 18 57 19 74 20 25
1 94 2 1 3 27 4 40 5 55 6 59 7 62 8 21 9 82 10 99 11 87 12 71 13 40 14 69 15 98 16 48 17 39 18 51 19 1 20 21
1 50 2 41 3 8 4 98 5 75 6 44 7 84 8 88 9 87 10 60 11 14 12 58 13 20 14 47 15 31 16 42 17 13 18 49 19 9 20 57
1 6 2 56 3 52 4 32 5 14 6 79 7 97 8 1 9 63 10 86 11 8 12 72 13 20 14 57 15 35 16 10 17 48 18 82 19 67 20 3
1 87 2 78 3 77 4 10 5 34 6 95 7 61 8 61 9 70 10 88 11 81 12 63 13 13 14 7 15 66 16 25 17 83 18 94 19 50 20 95
Reldue
-1	1173	-1	5
-1	2652	-1	1
-1	2264	-1	2
-1	3736	-1	10
-1	2257	-1	3
-1	3597	-1	10
-1	2805	-1	8
-1	2199	-1	10
-1	3397	-1	7
-1	2249	-1	3
-1	2934	-1	2
-1	3394	-1	3
-1	2746	-1	7
-1	3233	-1	8
-1	2533	-1	2
-1	1211	-1	4
-1	3339	-1	8
-1	1458	-1	4
-1	1506	-1	6
-1	1431	-1	6
-1	3065	-1	6
-1	1522	-1	4
-1	4360	-1	9
-1	3212	-1	2
-1	2857	-1	8
-1	2923	-1	6
-1	2293	-1	4
-1	1477	-1	7
-1	2306	-1	6
-1	1987	-1	5
-1	3938	-1	9
-1	1193	-1	7
-1	2206	-1	5
-1	4611	-1	6
-1	2007	-1	10
-1	2836	-1	5
-1	3870	-1	2
-1	4133	-1	6
-1	1946	-1	8
-1	1026	-1	7
-1	4232	-1	5
-1	2953	-1	9
-1	2025	-1	5
-1	1912	-1	4
-1	2115	-1	7
-1	4668	-1	3
-1	2553	-1	2
-1	2625	-1	6
-1	1268	-1	7
-1	3709	-1	10
-1	3212	-1	2
-1	2552	-1	8
-1	1235	-1	7
-1	1805	-1	6
-1	1374	-1	7
-1	2689	-1	1
-1	3540	-1	9
-1	3132	-1	1
-1	1365	-1	5
-1	1287	-1	4
-1	4149	-1	3
-1	2988	-1	5
-1	3036	-1	8
-1	1040	-1	6
-1	3817	-1	7
-1	4105	-1	7
-1	3800	-1	9
-1	1981	-1	8
-1	2784	-1	6
-1	1404	-1	5
-1	2532	-1	2
-1	2151	-1	9
-1	863	-1	8
-1	1460	-1	5
-1	1324	-1	9
-1	3432	-1	2
-1	2491	-1	9
-1	3200	-1	3
-1	1455	-1	3
-1	1190	-1	3
-1	3231	-1	3
-1	4102	-1	6
-1	1482	-1	9
-1	926	-1	3
-1	1642	-1	4
-1	1691	-1	4
-1	2189	-1	7
-1	3161	-1	5
-1	2913	-1	5
-1	4431	-1	2
