90 20
1 76 2 22 3 64 4 1 5 26 6 61 7 29 8 65 9 51 10 69 11 68 12 47 13 47 14 54 15 67 16 42 17 36 18 11 19 15 20 85
1 79 2 66 3 99 4 74 5 60 6 17 7 9 8 73 9 78 10 82 11 37 12 50 13 82 14 78 15 25 16 92 17 28 18 53 19 38 20 81
1 3 2 15 3 70 4 72 5 31 6 79 7 6 8 58 9 13 10 45 11 9 12 32 13 42 14 59 15 54 16 54 17 22 18 86 19 64 20 51
1 26 2 27 3 46 4 38 5 28 6 92 7 35 8 96 9 19 10 66 11 63 12 63 13 18 14 59 15 28 16 1 17 24 18 60 19 42 20 7
1 81 2 74 3 89 4 54 5 85 6 48 7 81 8 35 9 10 10 3 11 26 12 42 13 93 14 85 15 21 16 41 17 80 18 2 19 14 20 31
1 4 2 93 3 50 4 93 5 90 6 18 7 21 8 75 9 71 10 44 11 89 12 21 13 84 14 83 15 38 16 19 17 36 18 65 19 50 20 60
1 53 2 85 3 16 4 41 5 55 6 90 7 62 8 20 9 38 10 90 11 84 12 70 13 9 14 97 15 83 16 41 17 35 18 4 19 31 20 98
1 14 2 3 3 43 4 95 5 95 6 4 7 75 8 22 9 99 10 19 11 81 12 91 13 4 14 34 15 15 16 32 17 53 18 7 19 45 20 80
1 46 2 23 3 99 4 75 5 45 6 42 7 6 8 53 9 83 10 4 11 71 12 31 13 15 14 68 15 77 16 27 17 10 18 23 19 72 20 2
1 69 2 59 3 96 4 99 5 65 6 38 7 85 8 41 9 56 10 16 11 30 12 48 13 74 14 95 15 39 16 76 17 83 18 10 19 48 20 37
1 30 2 11 3 94 4 47 5 13 6 9 7 55 8 9 9 4 10 33 11 8 12 83 13 15 14 46 15 85 16 51 17 83 18 49 19 5 20 11
1 23 2 91 3 8 4 39 5 9 6 80 7 12 8 89 9 37 10 30 11 61 12 24 13 37 14 33 15 40 16 39 17 88 18 8 19 57 20 64
1 24 2 44 3 90 4 97 5 64 6 21 7 15 8 27 9 31 10 20 11 47 12 63 13 15 14 22 15 94 16 1 17 42 18 30 19 96 20 58
1 38 2 11 3 36 4 70 5 1 6 70 7 95 8 6 9 58 10 45 11 31 12 75 13 89 14 87 15 79 16 91 17 7 18 14 19 98 20 72
1 42 2 35 3 9 4 59 5 31 6 87 7 37 8 53 9 88 10 66 11 14 12 73 13 21 14 80 15 12 16 10 17 39 18 21 19 80 20 77
1 92 2 14 3 79 4 80 5 83 6 48 7 38 8 75 9 73 10 36 11 96 12 79 13 28 14 42 15 31 16 4 17 82 18 84 19 95 20 9
1 31 2 55 3 85 4 45 5 83 6 55 7 35 8 8 9 94 10 93 11 85 12 36 13 44 14 83 15 16 16 17 17 65 18 21 19 21 20 87
1 71 2 97 3 3 4 48 5 86 6 27 7 65 8 85 9 91 10 62 11 43 12 17 13 50 14 17 15 88 16 5 17 92 18 3 19 5 20 19
1 60 2 69 3 91 4 28 5 42 6 66 7 90 8 16 9 96 10 9 11 59 12 10 13 26 14 69 15 38 16 82 17 99 18 79 19 59 20 74
1 15 2 53 3 10 4 66 5 89 6 59 7 62 8 20 9 45 10 53 11 97 12 29 13 36 14 4 15 64 16 18 17 52 18 29 19 9 20 64
1 72 2 7 3 86 4 46 5 92 6 56 7 93 8 71 9 82 10 25 11 68 12 88 13 55 14 34 15 45 16 73 17 76 18 98 19 92 20 26
1 70 2 85 3 20 4 42 5 45 6 64 7 67 8 66 9 50 10 49 11 85 12 64 13 23 14 66 15 42 16 60 17 45 18 50 19 98 20 61
1 93 2 72 3 95 4 38 5 79 6 26 7 46 8 68 9 90 10 17 11 79 12 30 13 88 14 19 15 58 16 14 17 95 18 12 19 87 20 42
1 92 2 17 3 13 4 27 5 68 6 15 7 55 8 42 9 92 10 7 11 49 12 25 13 89 14 72 15 40 16 85 17 79 18 83 19 72 20 25
1 84 2 61 3 58 4 60 5 78 6 92 7 91 8 76 9 18 10 46 11 93 12 28 13 10 14 35 15 79 16 62 17 30 18 16 19 59 20 70
1 64 2 53 3 61 4 26 5 62 6 11 7 1 8 57 9 15 10 99 11 7 12 63 13 26 14 52 15 57 16 15 17 96 18 13 19 44 20 76
1 55 2 1 3 57 4 50 5 79 6 7 7 10 8 34 9 19 10 88 11 59 12 94 13 89 14 48 15 25 16 85 17 93 18 14 19 35 20 3
1 7 2 95 3 92 4 32 5 18 6 21 7 18 8 76 9 9 10 44 11 40 12 13 13 31 14 28 15 60 16 21 17 53 18 8 19 98 20 89
1 89 2 82 3 93 4 45 5 9 6 60 7 11 8 59 9 58 10 23 11 25 12 86 13 18 14 15 15 62 16 43 17 52 18 52 19 4 20 7
1 68 2 71 3 24 4 17 5 99 6 63 7 83 8 76 9 38 10 86 11 96 12 10 13 49 14 95 15 46 16 10 17 39 18 2 19 12 20 29
1 90 2 31 3 51 4 88 5 24 6 97 7 33 8 18 9 36 10 51 11 63 12 3 13 4 14 4 15 99 16 39 17 30 18 51 19 32 20 31
1 6 2 88 3 22 4 46 5 3 6 60 7 19 8 2 9 77 10 42 11 57 12 55 13 68 14 52 15 23 16 13 17 44 18 81 19 76 20 14
1 2 2 84 3 32 4 61 5 60 6 14 7 72 8 76 9 71 10 88 11 95 12 34 13 78 14 43 15 24 16 21 17 17 18 54 19 90 20 43
1 98 2 24 3 44 4 28 5 51 6 81 7 30 8 39 9 59 10 59 11 74 12 19 13 6 14 10 15 86 16 49 17 45 18 24 19 56 20 67
1 9 2 81 3 52 4 45 5 10 6 49 7 94 8 68 9 90 10 56 11 96 12 21 13 25 14 29 15 80 16 1 17 52 18 23 19 78 20 90
1 1 2 65 3 32 4 37 5 31 6 37 7 69 8 14 9 74 10 9 11 80 12 91 13 72 14 89 15 44 16 26 17 96 18 33 19 5 20 90
1 74 2 1 3 37 4 20 5 65 6 54 7 23 8 36 9 37 10 7 11 33 12 25 13 7 14 71 15 39 16 31 17 52 18 81 19 53 20 43
1 9 2 39 3 81 4 47 5 32 6 64 7 50 8 84 9 99 10 2 11 7 12 71 13 44 14 76 15 39 16 66 17 75 18 78 19 74 20 17
1 82 2 95 3 51 4 61 5 20 6 25 7 16 8 43 9 22 10 71 11 98 12 18 13 51 14 38 15 6 16 27 17 24 18 29 19 56 20 14
1 23 2 40 3 81 4 11 5 11 6 89 7 93 8 51 9 27 10 2 11 86 12 18 13 76 14 65 15 99 16 82 17 36 18 20 19 31 20 75
1 51 2 85 3 94 4 91 5 98 6 56 7 74 8 43 9 10 10 47 11 83 12 10 13 20 14 81 15 39 16 10 17 96 18 41 19 73 20 65
1 59 2 78 3 39 4 61 5 23 6 84 7 98 8 65 9 23 10 95 11 6 12 72 13 24 14 17 15 47 16 78 17 24 18 15 19 14 20 34
1 26 2 21 3 78 4 12 5 45 6 5 7 34 8 23 9 35 10 38 11 45 12 16 13 85 14 3 15 24 16 30 17 68 18 17 19 71 20 97
1 36 2 58 3 27 4 52 5 47 6 27 7 89 8 54 9 93 10 78 11 95 12 36 13 2 14 7 15 67 16 88 17 22 18 9 19 47 20 64
1 62 2 6 3 89 4 3 5 83 6 6 7 73 8 43 9 58 10 51 11 96 12 96 13 63 14 80 15 20 16 90 17 4 18 69 19 90 20 39
1 1 2 72 3 27 4 17 5 29 6 36 7 48 8 3 9 65 10 93 11 55 12 6 13 41 14 23 15 55 16 9 17 48 18 16 19 67 20 68
1 43 2 44 3 58 4 53 5 48 6 98 7 33 8 38 9 37 10 77 11 5 12 69 13 89 14 43 15 49 16 18 17 47 18 10 19 46 20 51
1 3 2 46 3 55 4 5 5 65 6 41 7 11 8 38 9 19 10 3 11 70 12 75 13 29 14 30 15 5 16 93 17 69 18 64 19 99 20 5
1 30 2 35 3 3 4 70 5 99 6 19 7 15 8 13 9 58 10 4 11 40 12 67 13 29 14 14 15 30 16 41 17 83 18 90 19 81 20 86
1 75 2 74 3 52 4 86 5 5 6 46 7 16 8 92 9 20 10 1 11 97 12 77 13 65 14 74 15 53 16 82 17 47 18 1 19 99 20 89
1 29 2 32 3 86 4 40 5 59 6 4 7 56 8 62 9 13 10 71 11 93 12 80 13 53 14 71 15 24 16 15 17 91 18 79 19 89 20 15
1 85 2 52 3 76 4 85 5 60 6 12 7 93 8 47 9 20 10 77 11 56 12 82 13 34 14 77 15 65 16 46 17 93 18 58 19 8 20 4
1 58 2 81 3 45 4 68 5 35 6 19 7 78 8 35 9 75 10 57 11 4 12 43 13 91 14 43 15 57 16 71 17 81 18 51 19 74 20 41
1 27 2 28 3 60 4 88 5 39 6 11 7 10 8 25 9 87 10 1 11 73 12 77 13 20 14 24 15 67 16 70 17 46 18 51 19 91 20 60
1 2 2 9 3 54 4 62 5 80 6 57 7 1 8 55 9 70 10 62 11 83 12 61 13 9 14 38 15 19 16 63 17 81 18 92 19 42 20 58
1 35 2 21 3 43 4 98 5 80 6 82 7 55 8 92 9 99 10 26 11 87 12 31 13 62 14 84 15 63 16 97 17 38 18 7 19 5 20 35
1 72 2 94 3 85 4 55 5 76 6 12 7 65 8 93 9 71 10 20 11 39 12 31 13 15 14 22 15 80 16 14 17 24 18 81 19 84 20 49
1 18 2 46 3 30 4 20 5 56 6 1 7 59 8 45 9 32 10 87 11 27 12 7 13 72 14 34 15 84 16 39 17 11 18 75 19 29 20 62
1 26 2 96 3 3 4 20 5 34 6 85 7 33 8 84 9 60 10 89 11 78 12 78 13 74 14 98 15 9 16 76 17 31 18 38 19 74 20 72
1 28 2 82 3 97 4 48 5 86 6 21 7 78 8 96 9 87 10 4 11 24 12 95 13 34 14 55 15 73 16 80 17 87 18 44 19 43 20 38
1 9 2 42 3 76 4 92 5 6 6 62 7 12 8 13 9 18 10 43 11 49 12 14 13 28 14 71 15 22 16 58 17 75 18 45 19 92 20 94
1 27 2 90 3 79 4 82 5 63 6 69 7 75 8 74 9 73 10 40 11 1 12 74 13 61 14 26 15 23 16 37 17 48 18 18 19 37 20 71
1 86 2 50 3 84 4 23 5 97 6 46 7 49 8 83 9 54 10 92 11 68 12 58 13 85 14 35 15 55 16 22 17 55 18 62 19 87 20 86
1 40 2 29 3 82 4 68 5 60 6 33 7 29 8 9 9 19 10 52 11 25 12 47 13 50 14 67 15 22 16 71 17 58 18 9 19 76 20 23
1 41 2 47 3 93 4 42 5 3 6 47 7 79 8 25 9 3 10 29 11 17 12 86 13 8 14 11 15 35 16 83 17 38 18 57 19 48 20 82
1 80 2 18 3 84 4 17 5 52 6 64 7 11 8 82 9 41 10 65 11 95 12 50 13 25 14 50 15 98 16 92 17 81 18 75 19 96 20 34
1 92 2 63 3 29 4 89 5 66 6 56 7 68 8 56 9 95 10 38 11 26 12 54 13 52 14 75 15 40 16 9 17 57 18 85 19 54 20 64
1 46 2 64 3 66 4 41 5 92 6 87 7 7 8 87 9 43 10 44 11 78 12 67 13 37 14 80 15 59 16 6 17 35 18 43 19 13 20 43
1 86 2 28 3 52 4 55 5 20 6 83 7 37 8 46 9 66 10 84 11 67 12 86 13 68 14 92 15 84 16 91 17 88 18 5 19 61 20 86
1 63 2 72 3 91 4 85 5 17 6 88 7 91 8 87 9 70 10 56 11 7 12 22 13 36 14 39 15 56 16 67 17 70 18 51 19 45 20 1
1 82 2 24 3 95 4 36 5 69 6 45 7 85 8 23 9 46 10 43 11 76 12 26 13 78 14 5 15 32 16 33 17 92 18 26 19 93 20 21
1 72 2 1 3 74 4 79 5 7 6 38 7 85 8 44 9 99 10 19 11 87 12 99 13 22 14 58 15 92 16 16 17 28 18 65 19 29 20 72
1 33 2 93 3 37 4 92 5 64 6 26 7 28 8 48 9 53 10 59 11 98 12 38 13 72 14 83 15 99 16 97 17 60 18 5 19 28 20 30
1 75 2 23 3 24 4 21 5 46 6 77 7 15 8 7 9 97 10 55 11 14 12 47 13 10 14 48 15 27 16 48 17 50 18 4 19 83 20 74
1 59 2 59 3 38 4 46 5 63 6 93 7 55 8 29 9 96 10 98 11 35 12 9 13 43 14 11 15 63 16 81 17 47 18 81 19 13 20 28
1 92 2 77 3 7 4 2 5 22 6 26 7 51 8 96 9 74 10 57 11 54 12 59 13 35 14 79 15 44 16 35 17 71 18 30 19 8 20 51
1 33 2 70 3 32 4 86 5 87 6 88 7 72 8 75 9 34 10 61 11 51 12 45 13 51 14 97 15 99 16 98 17 95 18 78 19 39 20 18
1 66 2 40 3 21 4 22 5 83 6 60 7 38 8 56 9 44 10 59 11 47 12 28 13 66 14 97 15 53 16 25 17 9 18 99 19 31 20 43
1 70 2 29 3 82 4 56 5 79 6 78 7 80 8 40 9 71 10 26 11 6 12 83 13 55 14 79 15 68 16 16 17 10 18 45 19 36 20 93
1 86 2 89 3 31 4 77 5 75 6 97 7 26 8 85 9 92 10 66 11 12 12 83 13 8 14 31 15 93 16 1 17 26 18 21 19 78 20 95
1 19 2 87 3 31 4 89 5 8 6 55 7 8 8 16 9 5 10 91 11 74 12 67 13 74 14 19 15 60 16 40 17 9 18 51 19 47 20 42
1 86 2 52 3 60 4 76 5 91 6 15 7 31 8 13 9 89 10 7 11 4 12 47 13 83 14 56 15 17 16 28 17 42 18 31 19 36 20 58
1 26 2 36 3 96 4 72 5 98 6 77 7 46 8 82 9 62 10 12 11 17 12 36 13 5 14 88 15 10 16 2 17 47 18 33 19 19 20 79
1 87 2 12 3 6 4 91 5 81 6 66 7 14 8 12 9 28 10 50 11 11 12 41 13 20 14 93 15 36 16 37 17 36 18 73 19 96 20 48
1 2 2 39 3 92 4 58 5 34 6 47 7 41 8 17 9 30 10 92 11 54 12 20 13 65 14 6 15 10 16 38 17 19 18 37 19 35 20 23
1 7 2 35 3 23 4 37 5 34 6 91 7 12 8 43 9 10 10 12 11 85 12 27 13 39 14 81 15 91 16 35 17 13 18 45 19 24 20 74
1 65 2 96 3 6 4 31 5 29 6 52 7 86 8 74 9 15 10 45 11 56 12 64 13 41 14 25 15 37 16 68 17 68 18 30 19 68 20 32
1 72 2 64 3 82 4 4 5 67 6 31 7 74 8 86 9 36 10 69 11 90 12 86 13 90 14 82 15 79 16 1 17 28 18 29 19 87 20 56
1 32 2 94 3 33 4 46 5 65 6 94 7 17 8 7 9 9 10 94 11 18 12 13 13 93 14 21 15 68 16 65 17 51 18 98 19 83 20 77
1 48 2 75 3 40 4 6 5 67 6 41 7 63 8 53 9 49 10 27 11 14 12 82 13 12 14 91 15 48 16 77 17 9 18 73 19 78 20 10
Reldue
-1	1790	-1	1
-1	3814	-1	8
-1	2684	-1	7
-1	1436	-1	1
-1	2035	-1	4
-1	1860	-1	10
-1	1180	-1	10
-1	2906	-1	2
-1	2010	-1	1
-1	3063	-1	4
-1	1293	-1	5
-1	1668	-1	7
-1	1501	-1	4
-1	2973	-1	2
-1	2571	-1	7
-1	4361	-1	3
-1	2684	-1	8
-1	1289	-1	6
-1	2775	-1	5
-1	2324	-1	8
-1	1803	-1	10
-1	3149	-1	10
-1	3918	-1	9
-1	1331	-1	4
-1	4075	-1	9
-1	2716	-1	6
-1	2833	-1	7
-1	2663	-1	10
-1	1615	-1	5
-1	1703	-1	4
-1	2669	-1	6
-1	1205	-1	1
-1	3777	-1	8
-1	2527	-1	5
-1	3273	-1	5
-1	1773	-1	10
-1	2567	-1	4
-1	2384	-1	10
-1	1348	-1	2
-1	3404	-1	1
-1	1862	-1	10
-1	1424	-1	2
-1	2662	-1	6
-1	2442	-1	8
-1	3683	-1	7
-1	2301	-1	5
-1	2765	-1	4
-1	2099	-1	8
-1	1235	-1	8
-1	4443	-1	7
-1	3630	-1	7
-1	2531	-1	1
-1	2464	-1	4
-1	1592	-1	10
-1	1737	-1	2
-1	2604	-1	5
-1	2342	-1	7
-1	1345	-1	10
-1	3859	-1	5
-1	3212	-1	9
-1	2715	-1	5
-1	3367	-1	9
-1	3710	-1	8
-1	1399	-1	1
-1	3204	-1	1
-1	1225	-1	6
-1	1838	-1	4
-1	2836	-1	8
-1	4987	-1	10
-1	1586	-1	8
-1	1195	-1	10
-1	4051	-1	7
-1	1643	-1	4
-1	1568	-1	9
-1	3326	-1	8
-1	2782	-1	10
-1	3548	-1	3
-1	2294	-1	3
-1	2031	-1	8
-1	1206	-1	5
-1	3101	-1	9
-1	2443	-1	1
-1	2950	-1	10
-1	2213	-1	5
-1	777	-1	6
-1	1888	-1	1
-1	3302	-1	6
-1	2416	-1	7
-1	3481	-1	4
-1	968	-1	6
