100 20
1 77 2 45 3 72 4 88 5 24 6 72 7 1 8 44 9 13 10 50 11 10 12 14 13 60 14 92 15 38 16 79 17 4 18 75 19 89 20 1
1 74 2 86 3 87 4 46 5 20 6 34 7 94 8 43 9 53 10 84 11 59 12 53 13 95 14 24 15 87 16 53 17 83 18 40 19 44 20 88
1 57 2 48 3 28 4 28 5 22 6 67 7 63 8 76 9 21 10 78 11 22 12 2 13 90 14 66 15 66 16 18 17 72 18 5 19 65 20 10
1 84 2 70 3 67 4 47 5 75 6 82 7 36 8 50 9 17 10 54 11 63 12 46 13 58 14 82 15 73 16 54 17 63 18 92 19 27 20 3
1 24 2 27 3 2 4 42 5 23 6 92 7 96 8 17 9 21 10 23 11 43 12 20 13 27 14 91 15 98 16 8 17 66 18 5 19 71 20 38
1 13 2 2 3 66 4 57 5 5 6 84 7 78 8 77 9 80 10 85 11 23 12 45 13 70 14 63 15 45 16 97 17 75 18 79 19 48 20 64
1 66 2 13 3 51 4 33 5 29 6 67 7 16 8 75 9 59 10 76 11 90 12 33 13 89 14 74 15 57 16 29 17 77 18 33 19 82 20 76
1 27 2 92 3 58 4 58 5 73 6 63 7 63 8 44 9 79 10 66 11 4 12 10 13 82 14 95 15 12 16 24 17 25 18 86 19 75 20 85
1 7 2 86 3 86 4 35 5 2 6 29 7 62 8 93 9 94 10 32 11 50 12 86 13 97 14 82 15 70 16 74 17 70 18 93 19 13 20 98
1 77 2 82 3 86 4 35 5 38 6 83 7 62 8 19 9 97 10 2 11 8 12 85 13 1 14 26 15 46 16 14 17 81 18 72 19 48 20 99
1 84 2 31 3 78 4 71 5 37 6 39 7 13 8 81 9 77 10 17 11 96 12 18 13 43 14 14 15 67 16 64 17 72 18 78 19 13 20 61
1 99 2 8 3 21 4 76 5 19 6 99 7 89 8 19 9 58 10 79 11 73 12 13 13 39 14 71 15 28 16 48 17 42 18 76 19 94 20 42
1 84 2 71 3 20 4 19 5 34 6 32 7 46 8 87 9 1 10 28 11 15 12 94 13 90 14 96 15 95 16 18 17 4 18 77 19 26 20 26
1 20 2 22 3 35 4 94 5 90 6 99 7 38 8 34 9 53 10 34 11 70 12 6 13 25 14 20 15 75 16 77 17 58 18 85 19 38 20 94
1 67 2 99 3 11 4 98 5 94 6 23 7 33 8 95 9 56 10 16 11 39 12 40 13 62 14 55 15 26 16 44 17 95 18 55 19 87 20 93
1 63 2 59 3 84 4 64 5 49 6 44 7 95 8 84 9 30 10 2 11 32 12 51 13 9 14 13 15 39 16 76 17 56 18 37 19 3 20 91
1 26 2 78 3 81 4 50 5 53 6 34 7 62 8 72 9 14 10 39 11 21 12 64 13 34 14 32 15 77 16 69 17 21 18 65 19 81 20 43
1 7 2 82 3 8 4 65 5 74 6 69 7 60 8 76 9 68 10 77 11 38 12 95 13 19 14 64 15 76 16 88 17 52 18 75 19 29 20 95
1 59 2 16 3 46 4 63 5 57 6 99 7 85 8 18 9 33 10 23 11 69 12 64 13 9 14 87 15 98 16 97 17 25 18 95 19 58 20 45
1 68 2 47 3 17 4 21 5 76 6 72 7 26 8 86 9 80 10 58 11 53 12 45 13 40 14 28 15 42 16 85 17 27 18 55 19 15 20 86
1 68 2 19 3 94 4 12 5 94 6 88 7 76 8 36 9 74 10 97 11 51 12 99 13 16 14 46 15 51 16 3 17 40 18 62 19 81 20 4
1 34 2 35 3 28 4 37 5 32 6 61 7 85 8 61 9 1 10 39 11 45 12 62 13 22 14 34 15 37 16 42 17 25 18 50 19 32 20 72
1 46 2 99 3 7 4 26 5 64 6 85 7 35 8 59 9 86 10 77 11 83 12 80 13 97 14 19 15 66 16 13 17 55 18 85 19 68 20 83
1 83 2 71 3 91 4 98 5 91 6 11 7 34 8 27 9 42 10 60 11 85 12 87 13 23 14 70 15 20 16 7 17 84 18 42 19 6 20 58
1 54 2 18 3 47 4 38 5 39 6 9 7 13 8 25 9 11 10 14 11 99 12 76 13 91 14 63 15 10 16 44 17 25 18 37 19 18 20 29
1 19 2 42 3 33 4 67 5 84 6 44 7 59 8 45 9 9 10 46 11 40 12 35 13 5 14 96 15 79 16 88 17 65 18 84 19 84 20 57
1 17 2 65 3 33 4 4 5 12 6 9 7 88 8 74 9 11 10 22 11 65 12 38 13 23 14 51 15 78 16 87 17 62 18 98 19 20 20 54
1 15 2 29 3 33 4 46 5 86 6 87 7 35 8 93 9 47 10 77 11 52 12 19 13 29 14 77 15 41 16 91 17 63 18 10 19 62 20 69
1 88 2 87 3 19 4 96 5 70 6 31 7 28 8 5 9 9 10 15 11 1 12 94 13 16 14 40 15 41 16 68 17 85 18 32 19 44 20 52
1 78 2 87 3 50 4 49 5 47 6 18 7 50 8 22 9 54 10 1 11 90 12 97 13 2 14 6 15 36 16 24 17 42 18 97 19 61 20 4
1 23 2 79 3 10 4 93 5 33 6 56 7 1 8 32 9 68 10 65 11 26 12 43 13 87 14 22 15 45 16 33 17 12 18 47 19 44 20 92
1 94 2 54 3 74 4 77 5 40 6 12 7 44 8 13 9 52 10 86 11 28 12 70 13 49 14 62 15 73 16 19 17 67 18 31 19 74 20 99
1 55 2 62 3 2 4 10 5 87 6 95 7 1 8 2 9 20 10 64 11 30 12 5 13 44 14 8 15 11 16 21 17 60 18 33 19 98 20 56
1 99 2 93 3 39 4 65 5 32 6 25 7 21 8 68 9 27 10 64 11 9 12 33 13 9 14 86 15 10 16 91 17 72 18 57 19 32 20 80
1 35 2 53 3 82 4 83 5 49 6 93 7 15 8 41 9 5 10 61 11 96 12 66 13 70 14 80 15 25 16 47 17 11 18 14 19 40 20 57
1 42 2 34 3 35 4 53 5 52 6 77 7 68 8 11 9 55 10 41 11 68 12 26 13 84 14 47 15 36 16 53 17 36 18 44 19 99 20 31
1 59 2 96 3 52 4 23 5 24 6 67 7 17 8 52 9 13 10 33 11 78 12 5 13 26 14 37 15 96 16 44 17 13 18 8 19 39 20 81
1 81 2 42 3 72 4 12 5 60 6 55 7 83 8 88 9 75 10 42 11 49 12 42 13 26 14 74 15 1 16 36 17 17 18 59 19 81 20 73
1 23 2 45 3 16 4 74 5 20 6 94 7 8 8 71 9 88 10 87 11 52 12 29 13 32 14 53 15 69 16 72 17 61 18 5 19 37 20 79
1 25 2 21 3 58 4 51 5 47 6 30 7 70 8 79 9 14 10 81 11 45 12 11 13 82 14 61 15 30 16 10 17 16 18 54 19 31 20 15
1 28 2 56 3 71 4 42 5 77 6 55 7 54 8 64 9 48 10 28 11 89 12 73 13 59 14 25 15 58 16 54 17 6 18 29 19 42 20 94
1 45 2 57 3 68 4 93 5 49 6 2 7 23 8 51 9 37 10 15 11 33 12 78 13 72 14 93 15 94 16 50 17 74 18 6 19 92 20 27
1 55 2 67 3 10 4 41 5 86 6 43 7 3 8 56 9 46 10 29 11 4 12 31 13 88 14 74 15 64 16 80 17 32 18 70 19 70 20 94
1 2 2 56 3 26 4 5 5 9 6 87 7 24 8 91 9 69 10 58 11 60 12 45 13 43 14 44 15 15 16 73 17 28 18 99 19 65 20 49
1 80 2 84 3 85 4 88 5 81 6 8 7 27 8 17 9 41 10 47 11 63 12 87 13 45 14 77 15 10 16 85 17 14 18 16 19 77 20 61
1 65 2 84 3 67 4 90 5 47 6 22 7 93 8 91 9 83 10 32 11 83 12 32 13 76 14 52 15 85 16 7 17 93 18 32 19 5 20 14
1 62 2 40 3 57 4 7 5 2 6 65 7 71 8 4 9 40 10 55 11 65 12 91 13 41 14 11 15 35 16 87 17 99 18 35 19 72 20 98
1 2 2 18 3 84 4 50 5 7 6 25 7 65 8 27 9 99 10 38 11 36 12 77 13 33 14 93 15 16 16 19 17 18 18 97 19 54 20 91
1 90 2 8 3 55 4 90 5 54 6 21 7 30 8 28 9 40 10 88 11 44 12 84 13 24 14 16 15 47 16 14 17 50 18 92 19 58 20 82
1 57 2 9 3 82 4 97 5 20 6 53 7 28 8 51 9 61 10 87 11 55 12 66 13 68 14 37 15 72 16 45 17 83 18 82 19 19 20 3
1 22 2 24 3 50 4 68 5 64 6 80 7 62 8 51 9 85 10 43 11 7 12 59 13 87 14 30 15 88 16 99 17 78 18 50 19 21 20 26
1 54 2 98 3 44 4 89 5 25 6 15 7 91 8 19 9 53 10 57 11 78 12 45 13 68 14 80 15 36 16 12 17 52 18 71 19 95 20 43
1 35 2 33 3 84 4 56 5 32 6 92 7 21 8 84 9 10 10 47 11 18 12 96 13 51 14 85 15 42 16 88 17 7 18 92 19 91 20 76
1 78 2 41 3 22 4 44 5 35 6 69 7 51 8 85 9 75 10 94 11 78 12 91 13 84 14 74 15 52 16 24 17 88 18 16 19 15 20 34
1 5 2 80 3 51 4 31 5 99 6 57 7 30 8 18 9 82 10 86 11 49 12 1 13 28 14 6 15 63 16 45 17 77 18 3 19 61 20 51
1 80 2 95 3 69 4 92 5 97 6 62 7 75 8 42 9 13 10 48 11 90 12 5 13 62 14 24 15 44 16 58 17 90 18 32 19 58 20 51
1 20 2 17 3 67 4 87 5 37 6 55 7 79 8 20 9 50 10 46 11 37 12 74 13 54 14 87 15 88 16 67 17 28 18 23 19 13 20 68
1 19 2 51 3 55 4 77 5 77 6 66 7 4 8 78 9 21 10 25 11 2 12 34 13 29 14 24 15 76 16 86 17 76 18 96 19 52 20 74
1 1 2 31 3 13 4 65 5 48 6 30 7 70 8 62 9 95 10 9 11 95 12 94 13 42 14 37 15 84 16 16 17 52 18 12 19 83 20 27
1 65 2 98 3 40 4 47 5 66 6 45 7 22 8 63 9 46 10 56 11 58 12 3 13 23 14 59 15 11 16 92 17 48 18 76 19 11 20 56
1 50 2 67 3 58 4 78 5 48 6 47 7 15 8 33 9 7 10 94 11 18 12 42 13 9 14 17 15 71 16 99 17 11 18 66 19 71 20 86
1 19 2 36 3 43 4 19 5 15 6 38 7 85 8 31 9 95 10 65 11 94 12 21 13 54 14 98 15 54 16 67 17 91 18 96 19 86 20 40
1 7 2 63 3 29 4 90 5 90 6 7 7 13 8 12 9 39 10 1 11 2 12 10 13 4 14 48 15 61 16 7 17 75 18 15 19 25 20 43
1 68 2 7 3 63 4 47 5 5 6 74 7 86 8 60 9 86 10 33 11 2 12 1 13 17 14 76 15 33 16 75 17 90 18 59 19 99 20 92
1 86 2 58 3 37 4 94 5 49 6 78 7 67 8 14 9 36 10 43 11 48 12 82 13 44 14 31 15 58 16 3 17 37 18 15 19 73 20 76
1 14 2 98 3 58 4 57 5 50 6 66 7 60 8 56 9 65 10 77 11 40 12 86 13 79 14 35 15 79 16 72 17 60 18 74 19 8 20 14
1 77 2 38 3 1 4 36 5 7 6 53 7 80 8 84 9 39 10 16 11 80 12 13 13 38 14 70 15 41 16 49 17 50 18 8 19 34 20 71
1 52 2 89 3 41 4 29 5 89 6 1 7 6 8 93 9 77 10 10 11 40 12 40 13 54 14 47 15 47 16 40 17 66 18 11 19 88 20 35
1 25 2 70 3 98 4 61 5 52 6 38 7 60 8 77 9 36 10 42 11 75 12 97 13 11 14 56 15 16 16 38 17 9 18 24 19 93 20 21
1 92 2 43 3 5 4 52 5 8 6 20 7 46 8 37 9 61 10 49 11 30 12 24 13 43 14 48 15 45 16 48 17 7 18 49 19 75 20 79
1 97 2 64 3 73 4 76 5 95 6 5 7 83 8 31 9 7 10 4 11 44 12 10 13 82 14 62 15 84 16 94 17 48 18 37 19 52 20 72
1 12 2 2 3 7 4 95 5 57 6 71 7 69 8 95 9 39 10 5 11 84 12 90 13 81 14 26 15 96 16 91 17 45 18 7 19 42 20 23
1 47 2 74 3 15 4 83 5 76 6 94 7 69 8 72 9 44 10 13 11 32 12 97 13 37 14 92 15 81 16 53 17 74 18 33 19 78 20 89
1 74 2 71 3 56 4 94 5 72 6 72 7 90 8 78 9 32 10 10 11 74 12 56 13 10 14 53 15 10 16 59 17 62 18 47 19 13 20 53
1 89 2 37 3 94 4 98 5 17 6 97 7 71 8 52 9 75 10 87 11 85 12 59 13 71 14 31 15 52 16 79 17 44 18 2 19 82 20 70
1 58 2 83 3 53 4 13 5 20 6 90 7 89 8 76 9 96 10 19 11 39 12 87 13 42 14 74 15 72 16 85 17 12 18 35 19 71 20 46
1 49 2 46 3 83 4 64 5 44 6 48 7 83 8 78 9 69 10 81 11 92 12 60 13 86 14 98 15 3 16 5 17 26 18 8 19 64 20 68
1 4 2 53 3 55 4 18 5 25 6 72 7 86 8 47 9 20 10 32 11 23 12 88 13 86 14 10 15 94 16 40 17 22 18 63 19 75 20 42
1 87 2 2 3 76 4 58 5 33 6 94 7 22 8 19 9 46 10 45 11 58 12 23 13 5 14 3 15 69 16 83 17 19 18 45 19 96 20 73
1 50 2 66 3 63 4 92 5 65 6 27 7 76 8 33 9 70 10 51 11 22 12 18 13 34 14 31 15 35 16 95 17 14 18 58 19 22 20 97
1 69 2 66 3 67 4 52 5 68 6 97 7 76 8 99 9 70 10 16 11 23 12 26 13 76 14 40 15 29 16 30 17 40 18 28 19 61 20 25
1 94 2 20 3 29 4 13 5 96 6 53 7 97 8 46 9 90 10 91 11 79 12 71 13 15 14 89 15 14 16 79 17 39 18 55 19 35 20 74
1 70 2 94 3 28 4 56 5 37 6 17 7 7 8 66 9 58 10 32 11 65 12 70 13 44 14 41 15 86 16 19 17 35 18 69 19 94 20 57
1 30 2 48 3 25 4 90 5 63 6 23 7 15 8 18 9 63 10 28 11 93 12 22 13 40 14 69 15 72 16 66 17 52 18 83 19 98 20 2
1 35 2 75 3 48 4 84 5 24 6 45 7 22 8 92 9 10 10 36 11 36 12 38 13 47 14 49 15 85 16 33 17 98 18 24 19 24 20 85
1 36 2 21 3 14 4 32 5 43 6 79 7 33 8 98 9 38 10 39 11 15 12 24 13 24 14 36 15 42 16 49 17 6 18 39 19 90 20 75
1 9 2 42 3 23 4 20 5 26 6 71 7 41 8 18 9 21 10 9 11 24 12 21 13 91 14 85 15 25 16 78 17 48 18 16 19 90 20 85
1 51 2 78 3 25 4 34 5 84 6 61 7 18 8 25 9 80 10 14 11 69 12 72 13 43 14 31 15 7 16 50 17 57 18 61 19 26 20 64
1 76 2 22 3 64 4 1 5 26 6 61 7 29 8 65 9 51 10 69 11 68 12 47 13 47 14 54 15 67 16 42 17 36 18 11 19 15 20 85
1 79 2 66 3 99 4 74 5 60 6 17 7 9 8 73 9 78 10 82 11 37 12 50 13 82 14 78 15 25 16 92 17 28 18 53 19 38 20 81
1 3 2 15 3 70 4 72 5 31 6 79 7 6 8 58 9 13 10 45 11 9 12 32 13 42 14 59 15 54 16 54 17 22 18 86 19 64 20 51
1 26 2 27 3 46 4 38 5 28 6 92 7 35 8 96 9 19 10 66 11 63 12 63 13 18 14 59 15 28 16 1 17 24 18 60 19 42 20 7
1 81 2 74 3 89 4 54 5 85 6 48 7 81 8 35 9 10 10 3 11 26 12 42 13 93 14 85 15 21 16 41 17 80 18 2 19 14 20 31
1 4 2 93 3 50 4 93 5 90 6 18 7 21 8 75 9 71 10 44 11 89 12 21 13 84 14 83 15 38 16 19 17 36 18 65 19 50 20 60
1 53 2 85 3 16 4 41 5 55 6 90 7 62 8 20 9 38 10 90 11 84 12 70 13 9 14 97 15 83 16 41 17 35 18 4 19 31 20 98
1 14 2 3 3 43 4 95 5 95 6 4 7 75 8 22 9 99 10 19 11 81 12 91 13 4 14 34 15 15 16 32 17 53 18 7 19 45 20 80
1 46 2 23 3 99 4 75 5 45 6 42 7 6 8 53 9 83 10 4 11 71 12 31 13 15 14 68 15 77 16 27 17 10 18 23 19 72 20 2
1 69 2 59 3 96 4 99 5 65 6 38 7 85 8 41 9 56 10 16 11 30 12 48 13 74 14 95 15 39 16 76 17 83 18 10 19 48 20 37
1 30 2 11 3 94 4 47 5 13 6 9 7 55 8 9 9 4 10 33 11 8 12 83 13 15 14 46 15 85 16 51 17 83 18 49 19 5 20 11
1 23 2 91 3 8 4 39 5 9 6 80 7 12 8 89 9 37 10 30 11 61 12 24 13 37 14 33 15 40 16 39 17 88 18 8 19 57 20 64
Reldue
-1	1611	-1	5
-1	4640	-1	10
-1	2649	-1	3
-1	1630	-1	3
-1	1600	-1	3
-1	2801	-1	7
-1	1631	-1	3
-1	4287	-1	1
-1	2832	-1	3
-1	4136	-1	6
-1	2246	-1	2
-1	2273	-1	8
-1	972	-1	7
-1	4113	-1	1
-1	3269	-1	5
-1	1886	-1	8
-1	3732	-1	9
-1	4102	-1	10
-1	1356	-1	2
-1	4076	-1	8
-1	2519	-1	4
-1	1039	-1	6
-1	2365	-1	9
-1	2291	-1	6
-1	2779	-1	7
-1	1520	-1	8
-1	1483	-1	9
-1	1437	-1	1
-1	2002	-1	3
-1	3122	-1	8
-1	3450	-1	2
-1	3770	-1	9
-1	2677	-1	5
-1	2163	-1	8
-1	3258	-1	4
-1	3870	-1	8
-1	1591	-1	5
-1	2070	-1	1
-1	3507	-1	9
-1	3213	-1	1
-1	2023	-1	6
-1	3774	-1	5
-1	3654	-1	6
-1	1925	-1	1
-1	4199	-1	10
-1	4095	-1	4
-1	2413	-1	9
-1	1386	-1	2
-1	2984	-1	3
-1	1754	-1	9
-1	3441	-1	10
-1	1213	-1	5
-1	4094	-1	3
-1	3409	-1	9
-1	3445	-1	7
-1	2712	-1	2
-1	2555	-1	2
-1	3746	-1	1
-1	3653	-1	1
-1	1106	-1	2
-1	2776	-1	7
-1	4306	-1	3
-1	1452	-1	7
-1	3977	-1	2
-1	3996	-1	1
-1	3196	-1	1
-1	1556	-1	7
-1	2036	-1	9
-1	3969	-1	8
-1	2394	-1	8
-1	1607	-1	6
-1	1324	-1	7
-1	4627	-1	6
-1	3104	-1	2
-1	3027	-1	6
-1	4555	-1	3
-1	2406	-1	1
-1	2783	-1	2
-1	2456	-1	3
-1	1272	-1	7
-1	3337	-1	1
-1	4236	-1	5
-1	3944	-1	6
-1	3803	-1	8
-1	3426	-1	3
-1	2544	-1	9
-1	2244	-1	4
-1	2216	-1	8
-1	3087	-1	10
-1	4532	-1	3
-1	2674	-1	9
-1	1327	-1	5
-1	2338	-1	7
-1	3313	-1	7
-1	2771	-1	5
-1	3233	-1	7
-1	1455	-1	7
-1	2636	-1	6
-1	1737	-1	5
-1	3436	-1	7
