100 20
1 33 2 11 3 56 4 39 5 32 6 47 7 96 8 54 9 40 10 40 11 61 12 23 13 99 14 84 15 28 16 56 17 51 18 20 19 48 20 56
1 50 2 1 3 17 4 44 5 50 6 49 7 26 8 17 9 38 10 43 11 70 12 9 13 67 14 1 15 86 16 55 17 73 18 49 19 73 20 3
1 51 2 40 3 74 4 11 5 39 6 24 7 53 8 61 9 87 10 33 11 59 12 70 13 30 14 40 15 27 16 51 17 81 18 66 19 54 20 49
1 97 2 95 3 7 4 13 5 9 6 40 7 5 8 81 9 86 10 12 11 85 12 62 13 72 14 14 15 30 16 30 17 81 18 24 19 46 20 43
1 33 2 40 3 84 4 24 5 22 6 27 7 92 8 39 9 89 10 91 11 12 12 90 13 48 14 9 15 5 16 81 17 27 18 8 19 56 20 42
1 54 2 54 3 79 4 24 5 23 6 39 7 5 8 73 9 39 10 26 11 48 12 48 13 43 14 98 15 90 16 83 17 74 18 25 19 67 20 26
1 13 2 76 3 79 4 10 5 48 6 43 7 18 8 38 9 71 10 7 11 70 12 93 13 51 14 97 15 52 16 22 17 72 18 76 19 4 20 25
1 83 2 44 3 26 4 39 5 32 6 35 7 39 8 31 9 83 10 99 11 28 12 63 13 93 14 60 15 49 16 45 17 39 18 41 19 47 20 68
1 86 2 47 3 57 4 37 5 90 6 33 7 46 8 48 9 76 10 53 11 45 12 89 13 97 14 90 15 16 16 54 17 87 18 62 19 95 20 69
1 66 2 5 3 74 4 36 5 46 6 54 7 76 8 57 9 41 10 66 11 73 12 47 13 14 14 31 15 45 16 82 17 94 18 15 19 81 20 49
1 60 2 57 3 29 4 39 5 44 6 29 7 57 8 81 9 60 10 7 11 10 12 7 13 87 14 47 15 48 16 5 17 60 18 28 19 4 20 38
1 13 2 35 3 59 4 1 5 72 6 59 7 60 8 13 9 93 10 27 11 96 12 67 13 57 14 70 15 4 16 2 17 46 18 69 19 22 20 77
1 72 2 72 3 24 4 77 5 93 6 12 7 97 8 47 9 11 10 70 11 42 12 24 13 92 14 2 15 14 16 44 17 76 18 2 19 66 20 54
1 16 2 29 3 20 4 46 5 22 6 25 7 90 8 59 9 62 10 2 11 99 12 99 13 32 14 1 15 72 16 15 17 64 18 44 19 25 20 31
1 82 2 69 3 97 4 53 5 47 6 73 7 23 8 26 9 62 10 39 11 57 12 97 13 39 14 33 15 88 16 49 17 87 18 51 19 76 20 57
1 8 2 1 3 31 4 79 5 72 6 33 7 39 8 32 9 39 10 31 11 33 12 29 13 30 14 48 15 75 16 66 17 35 18 81 19 5 20 29
1 63 2 27 3 43 4 50 5 39 6 89 7 96 8 16 9 17 10 32 11 85 12 99 13 20 14 25 15 7 16 86 17 42 18 97 19 78 20 89
1 56 2 85 3 2 4 57 5 90 6 80 7 75 8 97 9 35 10 21 11 50 12 64 13 93 14 35 15 91 16 13 17 32 18 88 19 42 20 17
1 71 2 14 3 27 4 86 5 18 6 60 7 48 8 69 9 10 10 15 11 62 12 65 13 23 14 49 15 30 16 45 17 40 18 63 19 56 20 87
1 18 2 50 3 5 4 91 5 15 6 67 7 3 8 69 9 94 10 75 11 38 12 9 13 18 14 99 15 31 16 3 17 44 18 95 19 88 20 39
1 96 2 27 3 79 4 88 5 33 6 82 7 96 8 27 9 87 10 7 11 5 12 57 13 33 14 77 15 83 16 38 17 19 18 40 19 97 20 42
1 4 2 22 3 70 4 32 5 77 6 42 7 48 8 61 9 48 10 8 11 42 12 26 13 2 14 58 15 72 16 33 17 56 18 37 19 21 20 22
1 13 2 33 3 86 4 9 5 4 6 34 7 20 8 11 9 90 10 87 11 69 12 16 13 39 14 71 15 9 16 6 17 76 18 63 19 54 20 99
1 36 2 44 3 62 4 5 5 73 6 14 7 21 8 38 9 54 10 51 11 6 12 86 13 51 14 77 15 36 16 23 17 60 18 45 19 28 20 73
1 21 2 50 3 96 4 96 5 29 6 32 7 68 8 88 9 76 10 52 11 28 12 22 13 54 14 88 15 78 16 61 17 44 18 58 19 62 20 60
1 53 2 71 3 39 4 44 5 5 6 81 7 11 8 75 9 82 10 86 11 41 12 51 13 79 14 53 15 5 16 43 17 5 18 58 19 71 20 73
1 57 2 74 3 18 4 25 5 42 6 36 7 22 8 24 9 93 10 15 11 55 12 18 13 56 14 20 15 67 16 50 17 35 18 55 19 55 20 66
1 43 2 29 3 16 4 81 5 47 6 79 7 63 8 65 9 48 10 27 11 28 12 52 13 45 14 38 15 68 16 7 17 5 18 46 19 82 20 22
1 72 2 98 3 27 4 18 5 8 6 73 7 85 8 83 9 31 10 46 11 48 12 65 13 94 14 92 15 54 16 43 17 7 18 57 19 51 20 42
1 13 2 32 3 76 4 19 5 45 6 59 7 48 8 7 9 39 10 75 11 25 12 16 13 64 14 66 15 97 16 12 17 85 18 96 19 93 20 57
1 57 2 69 3 26 4 55 5 52 6 32 7 15 8 37 9 4 10 34 11 14 12 78 13 36 14 16 15 9 16 48 17 77 18 90 19 89 20 59
1 75 2 89 3 79 4 67 5 53 6 63 7 31 8 87 9 45 10 7 11 49 12 8 13 80 14 47 15 71 16 41 17 59 18 35 19 32 20 51
1 7 2 47 3 53 4 91 5 17 6 32 7 32 8 26 9 1 10 99 11 46 12 30 13 25 14 68 15 38 16 83 17 56 18 84 19 3 20 2
1 86 2 93 3 14 4 84 5 51 6 46 7 57 8 13 9 34 10 2 11 74 12 41 13 85 14 25 15 87 16 10 17 65 18 84 19 82 20 99
1 21 2 98 3 99 4 54 5 88 6 9 7 58 8 97 9 15 10 66 11 53 12 44 13 70 14 40 15 99 16 18 17 10 18 7 19 99 20 27
1 67 2 67 3 11 4 99 5 13 6 3 7 73 8 45 9 44 10 62 11 97 12 52 13 40 14 17 15 54 16 27 17 86 18 2 19 22 20 47
1 28 2 45 3 18 4 48 5 41 6 48 7 26 8 78 9 40 10 52 11 97 12 2 13 42 14 61 15 51 16 72 17 7 18 51 19 7 20 24
1 17 2 44 3 99 4 88 5 54 6 60 7 32 8 87 9 53 10 48 11 67 12 69 13 38 14 59 15 45 16 49 17 88 18 55 19 92 20 8
1 39 2 41 3 49 4 89 5 13 6 86 7 54 8 96 9 38 10 31 11 94 12 2 13 84 14 76 15 47 16 4 17 53 18 31 19 66 20 59
1 38 2 35 3 18 4 97 5 56 6 90 7 36 8 16 9 6 10 91 11 34 12 81 13 2 14 26 15 39 16 86 17 88 18 72 19 45 20 55
1 50 2 3 3 16 4 75 5 73 6 27 7 32 8 96 9 71 10 55 11 14 12 28 13 16 14 61 15 99 16 31 17 6 18 41 19 47 20 8
1 90 2 86 3 13 4 10 5 29 6 56 7 11 8 16 9 45 10 26 11 55 12 2 13 26 14 47 15 49 16 60 17 79 18 52 19 67 20 96
1 70 2 90 3 79 4 22 5 66 6 31 7 40 8 8 9 67 10 80 11 19 12 40 13 34 14 28 15 81 16 95 17 80 18 67 19 22 20 49
1 33 2 83 3 91 4 84 5 59 6 12 7 2 8 7 9 2 10 35 11 96 12 56 13 40 14 77 15 66 16 52 17 54 18 22 19 16 20 51
1 31 2 84 3 89 4 43 5 47 6 50 7 5 8 53 9 91 10 75 11 78 12 21 13 84 14 58 15 51 16 31 17 15 18 4 19 8 20 69
1 58 2 66 3 77 4 19 5 82 6 74 7 99 8 66 9 29 10 39 11 96 12 39 13 29 14 6 15 79 16 73 17 47 18 74 19 17 20 32
1 4 2 91 3 10 4 31 5 85 6 44 7 26 8 25 9 90 10 57 11 25 12 89 13 39 14 17 15 62 16 43 17 47 18 73 19 62 20 27
1 24 2 27 3 88 4 18 5 20 6 42 7 85 8 64 9 53 10 62 11 46 12 50 13 50 14 11 15 81 16 23 17 32 18 34 19 46 20 43
1 15 2 90 3 51 4 52 5 39 6 22 7 53 8 73 9 17 10 17 11 56 12 7 13 24 14 78 15 30 16 28 17 56 18 16 19 41 20 43
1 75 2 40 3 89 4 92 5 37 6 17 7 34 8 29 9 51 10 81 11 56 12 37 13 19 14 20 15 71 16 5 17 66 18 46 19 74 20 50
1 67 2 80 3 46 4 89 5 35 6 25 7 36 8 69 9 63 10 14 11 53 12 46 13 18 14 67 15 90 16 22 17 40 18 99 19 30 20 50
1 86 2 38 3 76 4 87 5 90 6 60 7 50 8 41 9 15 10 97 11 50 12 44 13 82 14 87 15 43 16 94 17 8 18 70 19 82 20 48
1 13 2 21 3 95 4 95 5 21 6 6 7 93 8 19 9 41 10 33 11 66 12 70 13 41 14 36 15 6 16 86 17 9 18 67 19 12 20 30
1 77 2 76 3 11 4 43 5 1 6 29 7 28 8 15 9 64 10 12 11 93 12 40 13 38 14 29 15 60 16 22 17 30 18 82 19 44 20 55
1 46 2 41 3 80 4 22 5 33 6 46 7 77 8 86 9 62 10 37 11 95 12 25 13 85 14 44 15 34 16 73 17 21 18 95 19 76 20 29
1 39 2 57 3 37 4 32 5 34 6 38 7 95 8 66 9 21 10 76 11 87 12 67 13 69 14 78 15 64 16 44 17 11 18 48 19 51 20 42
1 70 2 51 3 62 4 93 5 83 6 99 7 12 8 51 9 20 10 15 11 36 12 37 13 18 14 84 15 71 16 84 17 34 18 20 19 94 20 58
1 97 2 93 3 80 4 92 5 58 6 92 7 78 8 98 9 69 10 46 11 13 12 84 13 37 14 79 15 37 16 38 17 34 18 69 19 82 20 90
1 24 2 75 3 93 4 64 5 52 6 29 7 96 8 89 9 84 10 48 11 60 12 1 13 42 14 90 15 73 16 55 17 86 18 61 19 43 20 60
1 29 2 46 3 41 4 82 5 94 6 11 7 23 8 97 9 90 10 62 11 61 12 44 13 49 14 80 15 89 16 26 17 32 18 68 19 49 20 84
1 42 2 29 3 23 4 66 5 72 6 17 7 7 8 56 9 31 10 24 11 96 12 97 13 51 14 73 15 95 16 89 17 37 18 59 19 75 20 91
1 31 2 97 3 81 4 61 5 66 6 69 7 79 8 71 9 29 10 34 11 70 12 12 13 36 14 14 15 40 16 15 17 94 18 66 19 64 20 31
1 28 2 49 3 14 4 97 5 86 6 13 7 69 8 51 9 3 10 82 11 47 12 97 13 60 14 13 15 80 16 91 17 55 18 84 19 98 20 37
1 56 2 46 3 1 4 10 5 91 6 81 7 40 8 11 9 57 10 3 11 16 12 61 13 50 14 98 15 86 16 14 17 33 18 23 19 42 20 62
1 26 2 97 3 47 4 22 5 34 6 82 7 82 8 25 9 94 10 5 11 37 12 56 13 79 14 36 15 86 16 23 17 68 18 86 19 86 20 17
1 72 2 54 3 64 4 51 5 88 6 77 7 83 8 81 9 18 10 55 11 5 12 31 13 75 14 64 15 5 16 96 17 57 18 57 19 78 20 91
1 87 2 87 3 60 4 59 5 51 6 70 7 32 8 11 9 65 10 46 11 43 12 80 13 28 14 59 15 55 16 60 17 21 18 24 19 94 20 97
1 87 2 5 3 60 4 44 5 5 6 64 7 95 8 14 9 64 10 72 11 69 12 22 13 19 14 88 15 7 16 76 17 16 18 82 19 80 20 58
1 33 2 39 3 1 4 98 5 79 6 54 7 40 8 33 9 62 10 72 11 38 12 95 13 99 14 28 15 77 16 5 17 35 18 44 19 70 20 73
1 92 2 45 3 46 4 32 5 9 6 33 7 59 8 55 9 32 10 28 11 89 12 42 13 5 14 58 15 58 16 64 17 41 18 94 19 98 20 98
1 95 2 58 3 28 4 30 5 73 6 36 7 7 8 8 9 2 10 14 11 83 12 88 13 13 14 65 15 60 16 74 17 62 18 43 19 26 20 55
1 8 2 66 3 5 4 24 5 22 6 35 7 61 8 50 9 78 10 19 11 70 12 42 13 72 14 38 15 75 16 64 17 31 18 56 19 20 20 95
1 26 2 89 3 8 4 34 5 1 6 45 7 25 8 57 9 61 10 14 11 71 12 50 13 36 14 38 15 24 16 58 17 91 18 61 19 1 20 37
1 42 2 27 3 87 4 44 5 58 6 93 7 19 8 53 9 20 10 86 11 53 12 74 13 89 14 56 15 19 16 80 17 4 18 47 19 57 20 80
1 12 2 62 3 21 4 69 5 4 6 89 7 64 8 44 9 64 10 42 11 83 12 21 13 63 14 68 15 9 16 18 17 2 18 15 19 40 20 71
1 88 2 67 3 40 4 57 5 81 6 43 7 30 8 20 9 77 10 86 11 4 12 81 13 8 14 47 15 37 16 8 17 41 18 73 19 19 20 60
1 57 2 68 3 80 4 2 5 42 6 96 7 38 8 84 9 12 10 78 11 15 12 53 13 5 14 66 15 42 16 58 17 46 18 27 19 37 20 82
1 69 2 98 3 45 4 43 5 45 6 78 7 61 8 98 9 15 10 28 11 9 12 25 13 2 14 12 15 9 16 42 17 88 18 50 19 53 20 17
1 25 2 43 3 41 4 16 5 44 6 7 7 55 8 64 9 64 10 59 11 76 12 43 13 20 14 36 15 36 16 32 17 71 18 75 19 60 20 24
1 12 2 66 3 42 4 39 5 82 6 5 7 99 8 11 9 24 10 47 11 70 12 7 13 29 14 57 15 17 16 13 17 36 18 48 19 43 20 59
1 57 2 95 3 33 4 49 5 50 6 89 7 58 8 86 9 56 10 71 11 81 12 14 13 7 14 21 15 91 16 60 17 47 18 79 19 22 20 50
1 12 2 83 3 59 4 93 5 55 6 73 7 47 8 51 9 43 10 45 11 71 12 4 13 40 14 47 15 36 16 5 17 53 18 3 19 71 20 12
1 87 2 82 3 57 4 38 5 84 6 57 7 7 8 76 9 93 10 73 11 27 12 96 13 63 14 75 15 27 16 21 17 14 18 63 19 88 20 2
1 89 2 90 3 46 4 91 5 58 6 70 7 57 8 45 9 12 10 69 11 67 12 3 13 30 14 81 15 8 16 73 17 58 18 68 19 39 20 11
1 50 2 92 3 73 4 13 5 44 6 60 7 36 8 89 9 24 10 4 11 91 12 85 13 77 14 64 15 89 16 14 17 2 18 55 19 98 20 57
1 19 2 26 3 3 4 74 5 15 6 88 7 6 8 22 9 59 10 32 11 17 12 10 13 96 14 83 15 23 16 73 17 38 18 14 19 31 20 24
1 2 2 89 3 25 4 39 5 79 6 71 7 66 8 66 9 62 10 54 11 83 12 27 13 53 14 80 15 53 16 7 17 57 18 37 19 69 20 14
1 47 2 36 3 32 4 52 5 44 6 60 7 69 8 16 9 38 10 64 11 36 12 68 13 10 14 90 15 60 16 8 17 50 18 30 19 33 20 29
1 6 2 31 3 21 4 44 5 29 6 94 7 92 8 59 9 20 10 89 11 59 12 27 13 51 14 96 15 52 16 3 17 90 18 49 19 56 20 35
1 23 2 50 3 88 4 19 5 11 6 9 7 75 8 42 9 74 10 75 11 59 12 43 13 78 14 9 15 42 16 49 17 40 18 92 19 18 20 40
1 70 2 80 3 47 4 62 5 69 6 99 7 44 8 86 9 14 10 79 11 77 12 30 13 60 14 86 15 75 16 16 17 96 18 80 19 31 20 23
1 19 2 32 3 44 4 32 5 53 6 95 7 66 8 56 9 79 10 27 11 44 12 72 13 50 14 91 15 50 16 59 17 59 18 27 19 34 20 40
1 10 2 78 3 89 4 78 5 10 6 80 7 76 8 95 9 9 10 51 11 31 12 61 13 59 14 39 15 97 16 20 17 52 18 15 19 89 20 47
1 4 2 79 3 1 4 93 5 81 6 18 7 80 8 50 9 90 10 6 11 23 12 37 13 31 14 48 15 79 16 98 17 2 18 50 19 99 20 63
1 44 2 88 3 98 4 86 5 80 6 33 7 47 8 25 9 61 10 15 11 39 12 3 13 44 14 58 15 85 16 50 17 18 18 17 19 90 20 26
1 41 2 21 3 57 4 82 5 83 6 3 7 59 8 74 9 26 10 82 11 3 12 81 13 16 14 74 15 12 16 21 17 31 18 24 19 67 20 23
1 4 2 50 3 23 4 80 5 62 6 13 7 61 8 1 9 79 10 59 11 34 12 76 13 28 14 79 15 9 16 27 17 5 18 41 19 33 20 91
1 24 2 98 3 83 4 83 5 82 6 61 7 11 8 87 9 44 10 68 11 31 12 38 13 5 14 35 15 20 16 9 17 37 18 61 19 73 20 91
1 56 2 75 3 22 4 14 5 33 6 10 7 58 8 22 9 83 10 14 11 83 12 6 13 57 14 14 15 62 16 53 17 73 18 7 19 11 20 88
1 45 2 59 3 45 4 34 5 12 6 18 7 60 8 87 9 81 10 99 11 69 12 9 13 20 14 75 15 17 16 97 17 29 18 26 19 93 20 99
Reldue
-1	2719	-1	7
-1	2535	-1	5
-1	2314	-1	5
-1	1481	-1	3
-1	2834	-1	9
-1	3632	-1	9
-1	3665	-1	2
-1	2338	-1	10
-1	4943	-1	1
-1	3874	-1	6
-1	2234	-1	3
-1	1092	-1	1
-1	1499	-1	1
-1	2982	-1	5
-1	2904	-1	5
-1	1663	-1	2
-1	1300	-1	6
-1	2453	-1	2
-1	1755	-1	4
-1	3179	-1	3
-1	1688	-1	4
-1	2951	-1	1
-1	1956	-1	2
-1	2515	-1	10
-1	1862	-1	9
-1	2841	-1	3
-1	1260	-1	10
-1	2124	-1	3
-1	2008	-1	3
-1	2395	-1	3
-1	3297	-1	4
-1	2471	-1	8
-1	2284	-1	9
-1	1726	-1	8
-1	3417	-1	7
-1	2673	-1	1
-1	1343	-1	8
-1	2583	-1	8
-1	3249	-1	8
-1	2087	-1	8
-1	2772	-1	10
-1	2752	-1	10
-1	4116	-1	10
-1	1915	-1	10
-1	1088	-1	8
-1	2307	-1	5
-1	3150	-1	10
-1	964	-1	3
-1	1362	-1	4
-1	3668	-1	9
-1	1982	-1	2
-1	4272	-1	4
-1	3353	-1	7
-1	1457	-1	10
-1	2674	-1	8
-1	3191	-1	3
-1	3235	-1	1
-1	4096	-1	5
-1	1630	-1	1
-1	2235	-1	5
-1	1406	-1	6
-1	1752	-1	9
-1	2377	-1	8
-1	3153	-1	9
-1	3308	-1	10
-1	4451	-1	1
-1	3580	-1	8
-1	1828	-1	10
-1	4184	-1	8
-1	3189	-1	10
-1	1047	-1	10
-1	2591	-1	3
-1	2005	-1	8
-1	2072	-1	3
-1	2727	-1	5
-1	1173	-1	5
-1	3243	-1	6
-1	1159	-1	8
-1	2374	-1	8
-1	1876	-1	10
-1	2442	-1	10
-1	1967	-1	7
-1	3784	-1	8
-1	2059	-1	3
-1	1474	-1	2
-1	1002	-1	2
-1	1554	-1	7
-1	2900	-1	2
-1	3548	-1	2
-1	2526	-1	3
-1	4549	-1	1
-1	2290	-1	6
-1	1552	-1	3
-1	2066	-1	8
-1	1577	-1	10
-1	1136	-1	1
-1	2817	-1	7
-1	1347	-1	5
-1	3057	-1	1
-1	4274	-1	5
