100 20
1 95 2 29 3 28 4 3 5 50 6 32 7 42 8 62 9 38 10 30 11 93 12 48 13 78 14 93 15 42 16 88 17 69 18 84 19 40 20 99
1 55 2 22 3 49 4 38 5 70 6 33 7 91 8 11 9 58 10 41 11 51 12 3 13 20 14 15 15 43 16 7 17 85 18 90 19 54 20 60
1 94 2 82 3 66 4 65 5 93 6 2 7 33 8 74 9 7 10 97 11 86 12 15 13 44 14 29 15 84 16 29 17 69 18 3 19 15 20 59
1 28 2 4 3 43 4 67 5 76 6 92 7 24 8 65 9 6 10 79 11 60 12 95 13 21 14 41 15 94 16 56 17 57 18 63 19 45 20 64
1 48 2 70 3 42 4 85 5 78 6 24 7 68 8 96 9 65 10 78 11 57 12 52 13 32 14 49 15 75 16 6 17 76 18 92 19 7 20 49
1 60 2 93 3 96 4 54 5 42 6 97 7 40 8 14 9 27 10 67 11 9 12 66 13 42 14 67 15 13 16 76 17 36 18 17 19 21 20 67
1 91 2 66 3 81 4 98 5 74 6 3 7 79 8 29 9 67 10 39 11 15 12 74 13 75 14 54 15 43 16 45 17 51 18 43 19 85 20 88
1 54 2 95 3 22 4 82 5 13 6 19 7 59 8 24 9 62 10 74 11 74 12 14 13 92 14 40 15 97 16 99 17 96 18 57 19 28 20 14
1 57 2 69 3 72 4 64 5 57 6 21 7 55 8 26 9 60 10 20 11 8 12 98 13 83 14 79 15 63 16 24 17 3 18 40 19 90 20 56
1 41 2 80 3 58 4 58 5 21 6 21 7 62 8 23 9 12 10 22 11 80 12 58 13 76 14 81 15 50 16 65 17 9 18 50 19 12 20 67
1 83 2 96 3 41 4 3 5 28 6 17 7 64 8 17 9 10 10 22 11 43 12 90 13 15 14 12 15 39 16 75 17 23 18 59 19 87 20 29
1 60 2 32 3 73 4 48 5 23 6 88 7 30 8 8 9 95 10 72 11 12 12 71 13 66 14 84 15 51 16 92 17 81 18 61 19 5 20 94
1 90 2 47 3 51 4 23 5 56 6 40 7 94 8 41 9 86 10 32 11 34 12 53 13 67 14 13 15 3 16 29 17 39 18 17 19 54 20 49
1 35 2 77 3 17 4 98 5 39 6 85 7 95 8 13 9 86 10 32 11 99 12 89 13 22 14 66 15 2 16 42 17 29 18 86 19 1 20 77
1 91 2 85 3 21 4 95 5 12 6 18 7 66 8 97 9 20 10 19 11 56 12 36 13 71 14 40 15 30 16 3 17 21 18 18 19 11 20 96
1 71 2 88 3 1 4 38 5 14 6 6 7 76 8 4 9 6 10 25 11 33 12 70 13 65 14 2 15 17 16 39 17 99 18 23 19 8 20 40
1 14 2 70 3 70 4 55 5 99 6 38 7 97 8 60 9 88 10 54 11 66 12 22 13 15 14 40 15 56 16 11 17 71 18 51 19 11 20 57
1 29 2 84 3 44 4 6 5 92 6 94 7 22 8 55 9 24 10 51 11 60 12 24 13 61 14 76 15 9 16 90 17 29 18 86 19 37 20 6
1 82 2 35 3 8 4 91 5 73 6 20 7 47 8 32 9 38 10 74 11 7 12 50 13 16 14 22 15 50 16 44 17 96 18 35 19 69 20 30
1 88 2 74 3 43 4 95 5 36 6 18 7 29 8 51 9 57 10 55 11 62 12 50 13 18 14 67 15 58 16 59 17 17 18 76 19 47 20 81
1 41 2 28 3 76 4 64 5 31 6 78 7 38 8 42 9 88 10 62 11 1 12 16 13 73 14 35 15 35 16 81 17 2 18 69 19 31 20 32
1 44 2 4 3 43 4 33 5 70 6 65 7 62 8 30 9 75 10 5 11 60 12 69 13 28 14 78 15 25 16 86 17 26 18 32 19 54 20 39
1 87 2 50 3 43 4 20 5 23 6 78 7 49 8 52 9 2 10 67 11 30 12 88 13 2 14 17 15 88 16 60 17 81 18 34 19 65 20 75
1 93 2 94 3 29 4 74 5 4 6 74 7 93 8 77 9 86 10 42 11 13 12 65 13 42 14 33 15 30 16 69 17 29 18 6 19 72 20 62
1 25 2 66 3 53 4 67 5 19 6 33 7 25 8 76 9 7 10 29 11 53 12 84 13 45 14 20 15 26 16 17 17 73 18 34 19 50 20 60
1 30 2 53 3 38 4 26 5 15 6 40 7 82 8 80 9 41 10 63 11 50 12 4 13 17 14 48 15 14 16 12 17 46 18 73 19 29 20 75
1 45 2 18 3 96 4 8 5 1 6 55 7 85 8 14 9 86 10 78 11 47 12 77 13 99 14 20 15 43 16 44 17 77 18 60 19 47 20 10
1 7 2 9 3 72 4 74 5 51 6 48 7 72 8 41 9 56 10 63 11 93 12 78 13 92 14 91 15 51 16 42 17 81 18 40 19 32 20 22
1 53 2 5 3 54 4 34 5 71 6 94 7 95 8 70 9 9 10 68 11 2 12 58 13 41 14 11 15 96 16 74 17 21 18 76 19 30 20 32
1 22 2 60 3 12 4 98 5 27 6 39 7 11 8 84 9 46 10 99 11 17 12 90 13 27 14 78 15 8 16 21 17 43 18 41 19 91 20 39
1 73 2 96 3 10 4 58 5 71 6 31 7 42 8 15 9 28 10 34 11 38 12 60 13 42 14 94 15 25 16 91 17 72 18 68 19 39 20 1
1 65 2 34 3 68 4 50 5 21 6 99 7 1 8 79 9 95 10 54 11 33 12 91 13 53 14 29 15 20 16 88 17 39 18 98 19 61 20 32
1 79 2 87 3 26 4 97 5 31 6 32 7 93 8 28 9 51 10 47 11 83 12 45 13 37 14 38 15 10 16 36 17 9 18 99 19 75 20 21
1 42 2 24 3 75 4 7 5 10 6 87 7 77 8 59 9 89 10 51 11 79 12 32 13 6 14 93 15 67 16 78 17 41 18 83 19 11 20 14
1 33 2 24 3 79 4 21 5 37 6 72 7 6 8 25 9 53 10 92 11 8 12 12 13 82 14 86 15 36 16 94 17 62 18 68 19 3 20 30
1 56 2 60 3 51 4 46 5 83 6 85 7 2 8 15 9 15 10 1 11 50 12 3 13 42 14 20 15 69 16 51 17 39 18 79 19 47 20 65
1 69 2 4 3 5 4 48 5 37 6 53 7 11 8 5 9 77 10 8 11 39 12 43 13 16 14 38 15 92 16 12 17 48 18 97 19 24 20 43
1 79 2 80 3 20 4 22 5 48 6 11 7 96 8 1 9 54 10 5 11 98 12 73 13 38 14 97 15 17 16 84 17 90 18 64 19 97 20 79
1 51 2 9 3 41 4 58 5 44 6 13 7 11 8 12 9 93 10 12 11 45 12 16 13 29 14 17 15 73 16 62 17 63 18 53 19 51 20 50
1 16 2 5 3 95 4 59 5 35 6 14 7 25 8 4 9 97 10 35 11 56 12 87 13 97 14 22 15 47 16 26 17 16 18 9 19 15 20 90
1 69 2 15 3 92 4 54 5 86 6 28 7 57 8 41 9 20 10 45 11 52 12 79 13 95 14 55 15 93 16 40 17 94 18 98 19 13 20 15
1 34 2 27 3 64 4 49 5 47 6 79 7 66 8 73 9 92 10 4 11 45 12 90 13 39 14 97 15 4 16 91 17 32 18 75 19 66 20 77
1 31 2 9 3 79 4 5 5 73 6 2 7 18 8 92 9 72 10 80 11 11 12 39 13 24 14 5 15 12 16 91 17 41 18 20 19 40 20 5
1 55 2 11 3 59 4 55 5 34 6 42 7 42 8 1 9 15 10 17 11 93 12 87 13 3 14 52 15 43 16 71 17 78 18 21 19 57 20 30
1 90 2 12 3 66 4 29 5 30 6 22 7 76 8 53 9 83 10 82 11 77 12 11 13 26 14 95 15 70 16 34 17 75 18 62 19 58 20 31
1 85 2 31 3 67 4 67 5 21 6 1 7 7 8 52 9 30 10 32 11 9 12 57 13 19 14 85 15 3 16 64 17 34 18 95 19 59 20 12
1 10 2 54 3 52 4 69 5 32 6 21 7 72 8 49 9 62 10 20 11 97 12 20 13 52 14 85 15 24 16 90 17 63 18 80 19 85 20 68
1 6 2 71 3 59 4 50 5 90 6 12 7 82 8 11 9 60 10 36 11 82 12 61 13 10 14 36 15 84 16 49 17 29 18 10 19 28 20 75
1 73 2 41 3 10 4 84 5 7 6 79 7 55 8 79 9 38 10 17 11 63 12 14 13 96 14 20 15 77 16 20 17 41 18 74 19 50 20 32
1 36 2 16 3 3 4 76 5 30 6 22 7 92 8 75 9 68 10 19 11 16 12 36 13 32 14 56 15 14 16 57 17 81 18 83 19 25 20 58
1 84 2 71 3 87 4 49 5 70 6 56 7 10 8 74 9 21 10 96 11 76 12 80 13 70 14 90 15 8 16 86 17 25 18 51 19 16 20 7
1 11 2 18 3 24 4 38 5 29 6 67 7 75 8 20 9 58 10 71 11 87 12 14 13 3 14 30 15 63 16 70 17 98 18 7 19 86 20 71
1 50 2 40 3 58 4 14 5 3 6 61 7 60 8 17 9 1 10 91 11 58 12 18 13 34 14 87 15 96 16 86 17 67 18 2 19 36 20 58
1 56 2 70 3 25 4 38 5 49 6 35 7 84 8 7 9 86 10 99 11 72 12 5 13 98 14 83 15 9 16 85 17 61 18 72 19 54 20 12
1 88 2 4 3 43 4 73 5 4 6 78 7 40 8 42 9 61 10 4 11 51 12 64 13 7 14 3 15 46 16 41 17 68 18 46 19 21 20 38
1 28 2 68 3 25 4 70 5 85 6 92 7 80 8 42 9 62 10 46 11 36 12 13 13 29 14 97 15 68 16 59 17 60 18 62 19 79 20 66
1 54 2 99 3 7 4 15 5 87 6 78 7 71 8 49 9 67 10 16 11 55 12 98 13 81 14 70 15 75 16 11 17 19 18 87 19 44 20 52
1 78 2 6 3 65 4 36 5 54 6 45 7 46 8 61 9 20 10 37 11 85 12 12 13 58 14 13 15 67 16 85 17 24 18 80 19 8 20 31
1 94 2 80 3 3 4 6 5 71 6 6 7 12 8 62 9 75 10 96 11 34 12 75 13 69 14 47 15 17 16 30 17 8 18 51 19 50 20 78
1 84 2 95 3 28 4 40 5 63 6 2 7 91 8 52 9 4 10 25 11 94 12 52 13 82 14 9 15 57 16 52 17 22 18 38 19 60 20 23
1 15 2 53 3 55 4 42 5 4 6 21 7 34 8 58 9 39 10 2 11 28 12 43 13 95 14 88 15 27 16 50 17 46 18 77 19 74 20 91
1 67 2 19 3 34 4 45 5 32 6 7 7 40 8 80 9 62 10 82 11 93 12 88 13 40 14 77 15 84 16 8 17 70 18 59 19 84 20 26
1 87 2 79 3 57 4 21 5 27 6 25 7 92 8 9 9 93 10 3 11 49 12 55 13 4 14 78 15 83 16 32 17 57 18 71 19 70 20 49
1 99 2 70 3 23 4 65 5 83 6 49 7 39 8 23 9 78 10 80 11 40 12 18 13 50 14 17 15 20 16 39 17 56 18 85 19 22 20 77
1 70 2 99 3 29 4 25 5 11 6 55 7 92 8 95 9 4 10 81 11 32 12 24 13 79 14 44 15 46 16 18 17 82 18 73 19 39 20 87
1 13 2 20 3 64 4 14 5 31 6 51 7 24 8 7 9 84 10 51 11 45 12 82 13 83 14 71 15 54 16 30 17 2 18 25 19 37 20 83
1 96 2 90 3 42 4 27 5 86 6 94 7 53 8 4 9 95 10 65 11 15 12 35 13 27 14 42 15 61 16 95 17 38 18 33 19 69 20 58
1 26 2 76 3 58 4 64 5 27 6 89 7 70 8 18 9 20 10 88 11 93 12 87 13 40 14 20 15 48 16 78 17 81 18 55 19 64 20 94
1 25 2 71 3 67 4 52 5 13 6 71 7 28 8 22 9 53 10 75 11 3 12 30 13 6 14 38 15 64 16 40 17 82 18 79 19 27 20 52
1 48 2 86 3 6 4 98 5 51 6 32 7 97 8 9 9 92 10 58 11 72 12 15 13 57 14 96 15 73 16 43 17 12 18 89 19 18 20 65
1 42 2 29 3 12 4 14 5 39 6 30 7 23 8 16 9 4 10 7 11 83 12 52 13 96 14 76 15 69 16 8 17 88 18 28 19 11 20 59
1 49 2 39 3 71 4 5 5 37 6 62 7 86 8 77 9 21 10 38 11 20 12 93 13 72 14 68 15 86 16 89 17 64 18 3 19 72 20 12
1 34 2 19 3 64 4 43 5 41 6 51 7 51 8 5 9 40 10 51 11 92 12 90 13 65 14 83 15 98 16 9 17 97 18 5 19 42 20 7
1 36 2 83 3 63 4 39 5 79 6 22 7 33 8 5 9 46 10 84 11 94 12 77 13 37 14 69 15 75 16 78 17 69 18 26 19 99 20 20
1 51 2 23 3 96 4 29 5 27 6 94 7 62 8 13 9 17 10 24 11 7 12 6 13 4 14 88 15 30 16 59 17 78 18 40 19 89 20 20
1 70 2 81 3 9 4 25 5 70 6 26 7 82 8 76 9 2 10 4 11 27 12 45 13 88 14 81 15 69 16 68 17 43 18 11 19 97 20 29
1 53 2 74 3 93 4 15 5 73 6 32 7 95 8 1 9 12 10 76 11 71 12 62 13 99 14 90 15 59 16 52 17 45 18 90 19 66 20 69
1 45 2 79 3 17 4 12 5 69 6 26 7 29 8 99 9 57 10 35 11 23 12 98 13 48 14 77 15 57 16 28 17 60 18 87 19 88 20 10
1 14 2 56 3 39 4 97 5 95 6 44 7 27 8 71 9 96 10 93 11 13 12 89 13 12 14 35 15 83 16 89 17 82 18 38 19 56 20 65
1 36 2 15 3 16 4 16 5 59 6 96 7 90 8 18 9 35 10 96 11 86 12 57 13 56 14 46 15 21 16 16 17 90 18 68 19 16 20 32
1 78 2 2 3 44 4 10 5 64 6 65 7 19 8 89 9 92 10 81 11 91 12 97 13 76 14 28 15 23 16 98 17 27 18 95 19 42 20 85
1 89 2 8 3 63 4 19 5 12 6 19 7 90 8 47 9 75 10 80 11 75 12 64 13 44 14 43 15 25 16 71 17 67 18 79 19 26 20 6
1 17 2 60 3 98 4 47 5 94 6 91 7 11 8 78 9 33 10 56 11 9 12 29 13 44 14 54 15 50 16 61 17 59 18 12 19 17 20 93
1 42 2 83 3 1 4 70 5 39 6 11 7 48 8 32 9 97 10 83 11 13 12 44 13 32 14 61 15 1 16 33 17 56 18 82 19 83 20 38
1 15 2 47 3 99 4 49 5 48 6 51 7 37 8 57 9 57 10 20 11 30 12 5 13 67 14 35 15 97 16 64 17 72 18 60 19 36 20 50
1 2 2 61 3 93 4 9 5 13 6 9 7 13 8 73 9 41 10 38 11 43 12 4 13 41 14 60 15 42 16 27 17 94 18 16 19 32 20 30
1 74 2 60 3 68 4 4 5 49 6 73 7 3 8 19 9 6 10 92 11 99 12 16 13 24 14 52 15 94 16 96 17 83 18 72 19 69 20 58
1 4 2 59 3 45 4 85 5 49 6 45 7 73 8 18 9 40 10 48 11 80 12 23 13 55 14 70 15 41 16 16 17 81 18 35 19 45 20 33
1 34 2 56 3 61 4 1 5 33 6 90 7 75 8 98 9 17 10 70 11 37 12 19 13 40 14 44 15 82 16 85 17 25 18 61 19 11 20 78
1 68 2 14 3 63 4 61 5 10 6 54 7 91 8 85 9 7 10 20 11 38 12 34 13 44 14 5 15 53 16 75 17 65 18 96 19 97 20 52
1 74 2 78 3 43 4 82 5 53 6 56 7 66 8 92 9 11 10 95 11 56 12 45 13 48 14 5 15 76 16 25 17 3 18 72 19 21 20 36
1 12 2 53 3 49 4 7 5 98 6 32 7 9 8 47 9 84 10 57 11 59 12 40 13 65 14 51 15 70 16 38 17 20 18 81 19 11 20 67
1 85 2 63 3 74 4 20 5 65 6 35 7 79 8 85 9 91 10 8 11 20 12 92 13 90 14 46 15 29 16 58 17 45 18 10 19 37 20 28
1 77 2 92 3 55 4 6 5 86 6 82 7 3 8 16 9 94 10 33 11 11 12 95 13 77 14 37 15 85 16 57 17 45 18 69 19 61 20 15
1 78 2 47 3 47 4 10 5 39 6 47 7 30 8 24 9 3 10 69 11 98 12 5 13 8 14 76 15 41 16 69 17 44 18 69 19 12 20 8
1 89 2 48 3 25 4 69 5 76 6 21 7 4 8 48 9 51 10 27 11 42 12 53 13 3 14 93 15 20 16 59 17 4 18 79 19 3 20 46
1 22 2 23 3 5 4 83 5 82 6 28 7 4 8 95 9 70 10 47 11 92 12 65 13 68 14 24 15 94 16 75 17 35 18 19 19 63 20 49
1 1 2 54 3 18 4 10 5 69 6 38 7 12 8 85 9 91 10 79 11 31 12 82 13 19 14 22 15 5 16 6 17 85 18 72 19 81 20 50
1 17 2 64 3 39 4 45 5 84 6 24 7 54 8 78 9 2 10 52 11 67 12 74 13 17 14 53 15 3 16 16 17 80 18 64 19 35 20 23
1 19 2 96 3 9 4 76 5 5 6 11 7 50 8 93 9 74 10 13 11 49 12 33 13 64 14 40 15 41 16 35 17 80 18 8 19 57 20 89
Reldue
-1	1979	-1	6
-1	1404	-1	5
-1	3718	-1	7
-1	3073	-1	3
-1	1981	-1	3
-1	3497	-1	1
-1	3015	-1	4
-1	2444	-1	7
-1	2154	-1	1
-1	3740	-1	4
-1	2503	-1	9
-1	2753	-1	1
-1	2151	-1	6
-1	2717	-1	8
-1	1599	-1	9
-1	839	-1	5
-1	2282	-1	7
-1	1190	-1	4
-1	3352	-1	5
-1	3719	-1	2
-1	1173	-1	9
-1	1051	-1	10
-1	3434	-1	5
-1	1431	-1	7
-1	1343	-1	7
-1	1222	-1	8
-1	3721	-1	5
-1	4437	-1	8
-1	1440	-1	9
-1	1917	-1	8
-1	1841	-1	5
-1	2947	-1	8
-1	2992	-1	3
-1	3843	-1	3
-1	1710	-1	5
-1	1559	-1	9
-1	1654	-1	4
-1	1273	-1	9
-1	2195	-1	1
-1	3346	-1	10
-1	4262	-1	7
-1	3337	-1	2
-1	2991	-1	2
-1	2717	-1	4
-1	4029	-1	4
-1	3317	-1	2
-1	3392	-1	9
-1	3238	-1	3
-1	3228	-1	2
-1	2592	-1	6
-1	2683	-1	5
-1	1839	-1	1
-1	3027	-1	7
-1	3738	-1	5
-1	1484	-1	9
-1	4484	-1	10
-1	1929	-1	4
-1	2321	-1	3
-1	1120	-1	5
-1	2235	-1	1
-1	1589	-1	6
-1	3491	-1	2
-1	3339	-1	5
-1	3621	-1	1
-1	2782	-1	4
-1	2882	-1	3
-1	3466	-1	3
-1	4311	-1	10
-1	2212	-1	7
-1	4296	-1	3
-1	1240	-1	1
-1	3387	-1	5
-1	1129	-1	2
-1	1513	-1	3
-1	3086	-1	6
-1	1915	-1	1
-1	2577	-1	4
-1	2367	-1	3
-1	1447	-1	5
-1	2229	-1	8
-1	2076	-1	6
-1	2942	-1	1
-1	2177	-1	7
-1	2136	-1	1
-1	2501	-1	9
-1	1118	-1	3
-1	3759	-1	7
-1	3277	-1	1
-1	1504	-1	6
-1	1370	-1	4
-1	1195	-1	5
-1	3414	-1	6
-1	2843	-1	2
-1	2916	-1	6
-1	1816	-1	8
-1	2396	-1	9
-1	2918	-1	3
-1	1308	-1	2
-1	1308	-1	4
-1	2137	-1	3
