50 20
1 93 2 44 3 3 4 27 5 3 6 13 7 54 8 74 9 4 10 64 11 8 12 94 13 38 14 3 15 30 16 72 17 26 18 76 19 34 20 27
1 90 2 48 3 50 4 33 5 58 6 18 7 5 8 49 9 10 10 7 11 81 12 27 13 6 14 54 15 77 16 96 17 3 18 73 19 67 20 51
1 26 2 41 3 40 4 54 5 60 6 95 7 8 8 76 9 37 10 50 11 25 12 15 13 82 14 44 15 78 16 61 17 54 18 56 19 81 20 17
1 75 2 69 3 45 4 18 5 78 6 41 7 11 8 30 9 49 10 11 11 11 12 39 13 73 14 55 15 36 16 86 17 4 18 27 19 17 20 57
1 17 2 12 3 15 4 13 5 65 6 34 7 50 8 62 9 53 10 29 11 1 12 3 13 79 14 52 15 55 16 52 17 65 18 54 19 91 20 11
1 89 2 97 3 6 4 58 5 51 6 83 7 30 8 72 9 69 10 7 11 25 12 1 13 55 14 21 15 92 16 47 17 45 18 76 19 11 20 73
1 89 2 52 3 11 4 28 5 69 6 87 7 34 8 17 9 38 10 47 11 70 12 70 13 3 14 5 15 19 16 6 17 76 18 85 19 64 20 16
1 96 2 72 3 66 4 74 5 48 6 43 7 30 8 47 9 42 10 58 11 81 12 68 13 86 14 92 15 42 16 3 17 26 18 19 19 60 20 80
1 10 2 43 3 42 4 27 5 15 6 53 7 77 8 28 9 68 10 59 11 85 12 12 13 47 14 59 15 34 16 93 17 75 18 42 19 95 20 62
1 71 2 33 3 50 4 31 5 72 6 70 7 93 8 2 9 34 10 15 11 96 12 32 13 87 14 63 15 88 16 93 17 17 18 62 19 12 20 42
1 93 2 77 3 82 4 91 5 21 6 33 7 32 8 33 9 68 10 4 11 3 12 71 13 4 14 74 15 43 16 67 17 55 18 68 19 71 20 66
1 71 2 98 3 81 4 65 5 13 6 52 7 84 8 33 9 74 10 48 11 47 12 23 13 84 14 90 15 46 16 29 17 21 18 66 19 34 20 10
1 47 2 25 3 11 4 33 5 29 6 5 7 55 8 1 9 67 10 62 11 77 12 43 13 36 14 28 15 59 16 59 17 2 18 65 19 62 20 40
1 56 2 95 3 49 4 26 5 49 6 40 7 15 8 94 9 49 10 63 11 3 12 10 13 16 14 33 15 68 16 65 17 35 18 32 19 17 20 69
1 88 2 86 3 3 4 48 5 2 6 93 7 44 8 59 9 40 10 91 11 37 12 91 13 64 14 96 15 74 16 54 17 6 18 42 19 87 20 68
1 22 2 76 3 20 4 33 5 97 6 32 7 66 8 29 9 52 10 16 11 68 12 77 13 16 14 78 15 17 16 76 17 44 18 64 19 19 20 71
1 57 2 8 3 11 4 47 5 16 6 92 7 91 8 26 9 27 10 36 11 57 12 28 13 66 14 4 15 20 16 86 17 16 18 24 19 34 20 3
1 37 2 28 3 11 4 61 5 80 6 24 7 36 8 71 9 97 10 40 11 34 12 36 13 89 14 82 15 1 16 14 17 85 18 93 19 63 20 7
1 66 2 47 3 98 4 15 5 5 6 27 7 84 8 81 9 57 10 96 11 27 12 16 13 60 14 2 15 88 16 21 17 39 18 13 19 89 20 32
1 1 2 19 3 95 4 79 5 73 6 82 7 86 8 40 9 64 10 53 11 26 12 22 13 58 14 51 15 27 16 67 17 58 18 31 19 69 20 47
1 60 2 73 3 69 4 14 5 59 6 96 7 17 8 76 9 93 10 32 11 84 12 17 13 36 14 5 15 66 16 31 17 4 18 45 19 6 20 24
1 94 2 45 3 78 4 6 5 58 6 51 7 63 8 8 9 53 10 18 11 5 12 41 13 72 14 62 15 41 16 99 17 26 18 66 19 70 20 50
1 71 2 46 3 24 4 20 5 56 6 42 7 48 8 74 9 27 10 37 11 9 12 97 13 81 14 65 15 29 16 16 17 29 18 57 19 55 20 86
1 19 2 4 3 98 4 42 5 16 6 99 7 38 8 75 9 74 10 74 11 56 12 3 13 43 14 14 15 82 16 48 17 48 18 38 19 36 20 86
1 7 2 17 3 69 4 74 5 75 6 54 7 73 8 38 9 61 10 68 11 34 12 76 13 19 14 90 15 52 16 85 17 9 18 14 19 60 20 71
1 69 2 97 3 66 4 50 5 16 6 8 7 58 8 86 9 19 10 51 11 27 12 59 13 34 14 39 15 24 16 87 17 60 18 57 19 91 20 52
1 77 2 90 3 55 4 74 5 18 6 41 7 26 8 64 9 65 10 68 11 75 12 40 13 55 14 21 15 88 16 80 17 2 18 47 19 22 20 97
1 35 2 59 3 6 4 23 5 61 6 39 7 81 8 84 9 61 10 46 11 75 12 5 13 46 14 11 15 3 16 59 17 14 18 64 19 99 20 4
1 27 2 87 3 63 4 61 5 57 6 42 7 57 8 98 9 21 10 84 11 65 12 94 13 28 14 56 15 33 16 94 17 10 18 69 19 23 20 22
1 11 2 54 3 20 4 55 5 15 6 95 7 10 8 35 9 49 10 30 11 96 12 25 13 95 14 46 15 73 16 45 17 83 18 66 19 19 20 48
1 33 2 2 3 69 4 70 5 29 6 58 7 74 8 83 9 63 10 52 11 43 12 68 13 47 14 42 15 59 16 61 17 74 18 15 19 98 20 66
1 32 2 9 3 42 4 40 5 54 6 84 7 84 8 1 9 66 10 65 11 68 12 20 13 88 14 26 15 39 16 26 17 47 18 91 19 3 20 1
1 90 2 71 3 55 4 75 5 85 6 6 7 1 8 71 9 43 10 3 11 35 12 33 13 51 14 35 15 19 16 19 17 33 18 26 19 1 20 79
1 14 2 5 3 43 4 98 5 32 6 53 7 48 8 86 9 49 10 28 11 36 12 17 13 65 14 61 15 7 16 92 17 4 18 6 19 19 20 80
1 30 2 88 3 72 4 20 5 76 6 72 7 1 8 50 9 76 10 33 11 89 12 40 13 79 14 79 15 16 16 1 17 53 18 55 19 80 20 74
1 68 2 3 3 61 4 77 5 8 6 76 7 33 8 24 9 75 10 92 11 64 12 56 13 32 14 36 15 66 16 45 17 29 18 14 19 67 20 7
1 4 2 9 3 98 4 68 5 24 6 56 7 81 8 99 9 9 10 58 11 69 12 22 13 43 14 89 15 17 16 68 17 79 18 72 19 78 20 1
1 91 2 9 3 43 4 86 5 44 6 39 7 31 8 4 9 95 10 30 11 5 12 5 13 25 14 98 15 2 16 93 17 25 18 23 19 15 20 85
1 66 2 99 3 3 4 79 5 17 6 18 7 84 8 96 9 45 10 88 11 56 12 31 13 94 14 67 15 33 16 2 17 11 18 64 19 67 20 67
1 82 2 56 3 66 4 50 5 42 6 89 7 29 8 62 9 67 10 97 11 44 12 92 13 76 14 11 15 43 16 51 17 22 18 10 19 80 20 88
1 45 2 61 3 31 4 79 5 4 6 96 7 11 8 45 9 59 10 31 11 70 12 33 13 65 14 79 15 88 16 24 17 16 18 96 19 83 20 90
1 40 2 17 3 75 4 61 5 75 6 35 7 64 8 5 9 11 10 32 11 89 12 21 13 80 14 17 15 18 16 25 17 73 18 53 19 36 20 24
1 38 2 56 3 71 4 52 5 15 6 87 7 59 8 56 9 32 10 90 11 14 12 5 13 58 14 45 15 20 16 20 17 61 18 19 19 27 20 57
1 85 2 11 3 13 4 31 5 34 6 62 7 58 8 57 9 24 10 64 11 77 12 10 13 91 14 26 15 9 16 83 17 33 18 6 19 73 20 92
1 60 2 2 3 12 4 52 5 62 6 48 7 72 8 46 9 57 10 90 11 1 12 68 13 51 14 74 15 84 16 24 17 72 18 98 19 50 20 73
1 74 2 72 3 98 4 33 5 89 6 75 7 29 8 15 9 66 10 47 11 32 12 85 13 97 14 68 15 68 16 82 17 19 18 84 19 91 20 89
1 13 2 2 3 14 4 62 5 94 6 18 7 24 8 46 9 21 10 77 11 88 12 50 13 54 14 73 15 99 16 53 17 97 18 57 19 81 20 90
1 70 2 59 3 11 4 68 5 52 6 84 7 37 8 26 9 16 10 56 11 32 12 44 13 53 14 78 15 63 16 14 17 21 18 5 19 25 20 72
1 54 2 37 3 46 4 64 5 26 6 9 7 11 8 82 9 84 10 46 11 10 12 11 13 72 14 4 15 47 16 30 17 93 18 41 19 95 20 60
1 98 2 63 3 7 4 40 5 45 6 1 7 98 8 48 9 38 10 57 11 53 12 89 13 81 14 50 15 3 16 45 17 55 18 38 19 21 20 25
Reldue
-1	1449	-1	6
-1	2050	-1	7
-1	1890	-1	5
-1	3016	-1	3
-1	2856	-1	9
-1	3406	-1	3
-1	1871	-1	3
-1	3701	-1	2
-1	2578	-1	1
-1	3649	-1	7
-1	1418	-1	1
-1	2490	-1	6
-1	1589	-1	5
-1	935	-1	2
-1	1488	-1	3
-1	1504	-1	9
-1	1304	-1	9
-1	3729	-1	10
-1	1793	-1	4
-1	1110	-1	10
-1	1766	-1	5
-1	2002	-1	3
-1	2603	-1	9
-1	1753	-1	10
-1	2385	-1	6
-1	3752	-1	4
-1	3446	-1	8
-1	1254	-1	3
-1	1813	-1	3
-1	3382	-1	6
-1	2077	-1	1
-1	2953	-1	4
-1	2524	-1	9
-1	1311	-1	3
-1	4320	-1	3
-1	2343	-1	3
-1	3199	-1	3
-1	1086	-1	5
-1	4151	-1	7
-1	2362	-1	10
-1	2356	-1	3
-1	2370	-1	8
-1	1706	-1	2
-1	1034	-1	6
-1	2417	-1	1
-1	1551	-1	9
-1	3018	-1	1
-1	2170	-1	6
-1	3413	-1	8
-1	1968	-1	2
