90 20
1 71 2 13 3 66 4 54 5 72 6 17 7 10 8 33 9 93 10 84 11 2 12 38 13 80 14 87 15 80 16 22 17 85 18 64 19 65 20 20
1 73 2 27 3 78 4 50 5 41 6 30 7 4 8 95 9 71 10 27 11 12 12 32 13 40 14 44 15 93 16 81 17 12 18 72 19 79 20 19
1 55 2 5 3 42 4 9 5 51 6 80 7 17 8 97 9 11 10 3 11 48 12 57 13 2 14 48 15 29 16 95 17 79 18 10 19 14 20 10
1 21 2 48 3 52 4 79 5 3 6 26 7 67 8 55 9 12 10 97 11 51 12 45 13 53 14 51 15 79 16 67 17 31 18 49 19 2 20 14
1 57 2 4 3 92 4 34 5 61 6 8 7 64 8 9 9 45 10 20 11 60 12 87 13 90 14 42 15 5 16 43 17 30 18 4 19 95 20 37
1 53 2 29 3 31 4 87 5 17 6 60 7 51 8 78 9 56 10 57 11 8 12 83 13 45 14 50 15 1 16 62 17 31 18 76 19 69 20 8
1 52 2 49 3 28 4 89 5 62 6 27 7 30 8 56 9 96 10 99 11 41 12 71 13 90 14 36 15 94 16 86 17 43 18 94 19 62 20 13
1 40 2 86 3 38 4 4 5 7 6 25 7 48 8 9 9 93 10 37 11 29 12 23 13 17 14 78 15 51 16 86 17 78 18 76 19 90 20 32
1 94 2 68 3 87 4 47 5 9 6 81 7 24 8 59 9 53 10 31 11 45 12 86 13 81 14 58 15 97 16 36 17 62 18 23 19 77 20 3
1 64 2 35 3 18 4 12 5 32 6 51 7 84 8 72 9 15 10 2 11 82 12 33 13 17 14 38 15 63 16 51 17 22 18 68 19 43 20 22
1 53 2 56 3 98 4 65 5 1 6 7 7 45 8 43 9 10 10 52 11 83 12 56 13 13 14 46 15 29 16 4 17 5 18 64 19 37 20 17
1 2 2 35 3 6 4 43 5 70 6 58 7 8 8 70 9 31 10 54 11 4 12 97 13 96 14 45 15 3 16 13 17 35 18 6 19 33 20 76
1 7 2 70 3 97 4 97 5 56 6 96 7 26 8 16 9 76 10 43 11 82 12 23 13 5 14 82 15 73 16 43 17 77 18 98 19 95 20 63
1 59 2 22 3 2 4 73 5 40 6 76 7 54 8 23 9 57 10 39 11 50 12 12 13 87 14 90 15 54 16 97 17 71 18 84 19 90 20 54
1 15 2 51 3 88 4 90 5 50 6 47 7 78 8 92 9 33 10 55 11 49 12 53 13 89 14 99 15 4 16 84 17 4 18 74 19 29 20 95
1 31 2 13 3 57 4 13 5 70 6 17 7 6 8 1 9 94 10 64 11 18 12 35 13 73 14 78 15 29 16 69 17 97 18 91 19 10 20 17
1 97 2 94 3 36 4 19 5 77 6 75 7 23 8 84 9 29 10 96 11 31 12 50 13 11 14 80 15 41 16 66 17 21 18 88 19 25 20 36
1 21 2 55 3 84 4 99 5 68 6 87 7 96 8 12 9 88 10 71 11 6 12 59 13 97 14 37 15 8 16 21 17 3 18 13 19 87 20 27
1 99 2 39 3 71 4 13 5 68 6 35 7 41 8 12 9 53 10 86 11 48 12 35 13 63 14 22 15 79 16 71 17 19 18 88 19 66 20 42
1 12 2 22 3 30 4 76 5 5 6 76 7 37 8 43 9 7 10 22 11 84 12 59 13 45 14 72 15 69 16 14 17 34 18 4 19 70 20 92
1 50 2 84 3 22 4 37 5 12 6 90 7 34 8 75 9 72 10 52 11 7 12 92 13 12 14 67 15 40 16 36 17 47 18 37 19 95 20 11
1 6 2 48 3 12 4 31 5 55 6 72 7 16 8 7 9 40 10 5 11 48 12 18 13 41 14 81 15 87 16 29 17 24 18 53 19 82 20 89
1 68 2 14 3 51 4 40 5 70 6 4 7 70 8 86 9 79 10 42 11 73 12 64 13 94 14 31 15 67 16 7 17 87 18 68 19 16 20 63
1 64 2 38 3 69 4 38 5 16 6 1 7 97 8 26 9 54 10 7 11 52 12 78 13 70 14 19 15 86 16 74 17 18 18 42 19 92 20 5
1 43 2 42 3 37 4 20 5 24 6 86 7 94 8 12 9 31 10 17 11 12 12 4 13 93 14 20 15 88 16 83 17 13 18 97 19 97 20 9
1 55 2 49 3 91 4 7 5 80 6 58 7 88 8 66 9 18 10 76 11 67 12 50 13 17 14 89 15 68 16 23 17 34 18 32 19 11 20 20
1 72 2 64 3 39 4 6 5 58 6 5 7 13 8 92 9 75 10 40 11 20 12 43 13 59 14 24 15 3 16 74 17 30 18 99 19 66 20 14
1 58 2 43 3 1 4 57 5 9 6 50 7 94 8 10 9 88 10 31 11 44 12 57 13 3 14 47 15 89 16 13 17 64 18 30 19 58 20 2
1 93 2 38 3 54 4 9 5 70 6 35 7 50 8 86 9 57 10 52 11 52 12 23 13 74 14 29 15 39 16 59 17 10 18 65 19 66 20 64
1 77 2 42 3 9 4 62 5 50 6 28 7 90 8 5 9 84 10 93 11 87 12 76 13 82 14 83 15 60 16 56 17 42 18 33 19 71 20 95
1 38 2 63 3 59 4 41 5 48 6 25 7 12 8 62 9 85 10 2 11 73 12 58 13 17 14 12 15 51 16 86 17 26 18 18 19 1 20 32
1 82 2 31 3 60 4 42 5 62 6 50 7 3 8 87 9 93 10 24 11 48 12 71 13 28 14 81 15 8 16 49 17 50 18 43 19 18 20 16
1 55 2 20 3 37 4 64 5 22 6 22 7 63 8 48 9 54 10 42 11 67 12 9 13 53 14 70 15 90 16 78 17 63 18 38 19 45 20 99
1 51 2 70 3 65 4 8 5 85 6 2 7 5 8 68 9 25 10 9 11 70 12 94 13 78 14 23 15 53 16 4 17 3 18 71 19 94 20 82
1 9 2 76 3 17 4 68 5 70 6 55 7 71 8 54 9 99 10 16 11 69 12 76 13 45 14 93 15 37 16 58 17 85 18 54 19 99 20 87
1 7 2 50 3 56 4 26 5 12 6 49 7 70 8 24 9 27 10 54 11 39 12 48 13 36 14 2 15 80 16 8 17 13 18 57 19 16 20 38
1 24 2 24 3 34 4 74 5 9 6 41 7 12 8 31 9 63 10 54 11 79 12 62 13 10 14 83 15 62 16 46 17 48 18 50 19 20 20 14
1 73 2 16 3 21 4 81 5 61 6 9 7 58 8 76 9 24 10 47 11 58 12 70 13 2 14 31 15 51 16 85 17 88 18 43 19 88 20 30
1 47 2 3 3 58 4 40 5 43 6 75 7 21 8 67 9 28 10 26 11 16 12 30 13 16 14 86 15 40 16 33 17 74 18 44 19 2 20 40
1 92 2 73 3 65 4 37 5 24 6 97 7 10 8 5 9 59 10 31 11 1 12 31 13 9 14 14 15 58 16 63 17 77 18 55 19 63 20 76
1 37 2 33 3 74 4 70 5 77 6 53 7 88 8 31 9 97 10 7 11 56 12 90 13 74 14 70 15 88 16 66 17 24 18 82 19 97 20 3
1 82 2 95 3 60 4 46 5 92 6 32 7 45 8 71 9 4 10 76 11 14 12 32 13 41 14 27 15 94 16 97 17 63 18 73 19 79 20 44
1 9 2 33 3 94 4 76 5 42 6 3 7 33 8 20 9 48 10 65 11 37 12 93 13 73 14 7 15 60 16 78 17 49 18 49 19 61 20 54
1 85 2 82 3 84 4 39 5 22 6 20 7 95 8 77 9 23 10 62 11 57 12 37 13 25 14 85 15 75 16 57 17 4 18 35 19 63 20 88
1 99 2 76 3 88 4 66 5 1 6 31 7 4 8 31 9 54 10 12 11 15 12 33 13 63 14 27 15 55 16 60 17 33 18 23 19 56 20 80
1 70 2 68 3 25 4 87 5 61 6 16 7 7 8 97 9 22 10 7 11 83 12 89 13 93 14 16 15 89 16 32 17 37 18 2 19 33 20 94
1 20 2 89 3 99 4 45 5 14 6 42 7 74 8 15 9 94 10 77 11 46 12 92 13 35 14 93 15 27 16 24 17 67 18 36 19 1 20 76
1 43 2 63 3 21 4 12 5 72 6 81 7 30 8 15 9 73 10 84 11 21 12 34 13 81 14 25 15 98 16 11 17 65 18 35 19 78 20 50
1 64 2 25 3 62 4 88 5 60 6 67 7 63 8 47 9 3 10 32 11 68 12 72 13 88 14 90 15 94 16 84 17 49 18 57 19 17 20 25
1 26 2 64 3 17 4 31 5 63 6 84 7 40 8 44 9 86 10 31 11 81 12 53 13 63 14 97 15 96 16 6 17 88 18 86 19 74 20 20
1 58 2 26 3 64 4 72 5 20 6 56 7 37 8 73 9 96 10 95 11 18 12 92 13 72 14 41 15 75 16 79 17 58 18 65 19 19 20 52
1 4 2 9 3 48 4 41 5 50 6 39 7 31 8 99 9 4 10 43 11 79 12 4 13 12 14 71 15 69 16 16 17 63 18 99 19 50 20 48
1 30 2 34 3 47 4 5 5 48 6 47 7 26 8 49 9 9 10 76 11 40 12 88 13 61 14 4 15 66 16 50 17 41 18 9 19 56 20 23
1 49 2 40 3 60 4 71 5 36 6 97 7 85 8 91 9 36 10 22 11 1 12 41 13 1 14 6 15 92 16 6 17 17 18 44 19 19 20 27
1 91 2 25 3 11 4 50 5 56 6 4 7 26 8 99 9 80 10 87 11 10 12 63 13 72 14 72 15 89 16 55 17 82 18 55 19 49 20 87
1 33 2 11 3 56 4 39 5 32 6 47 7 96 8 54 9 40 10 40 11 61 12 23 13 99 14 84 15 28 16 56 17 51 18 20 19 48 20 56
1 50 2 1 3 17 4 44 5 50 6 49 7 26 8 17 9 38 10 43 11 70 12 9 13 67 14 1 15 86 16 55 17 73 18 49 19 73 20 3
1 51 2 40 3 74 4 11 5 39 6 24 7 53 8 61 9 87 10 33 11 59 12 70 13 30 14 40 15 27 16 51 17 81 18 66 19 54 20 49
1 97 2 95 3 7 4 13 5 9 6 40 7 5 8 81 9 86 10 12 11 85 12 62 13 72 14 14 15 30 16 30 17 81 18 24 19 46 20 43
1 33 2 40 3 84 4 24 5 22 6 27 7 92 8 39 9 89 10 91 11 12 12 90 13 48 14 9 15 5 16 81 17 27 18 8 19 56 20 42
1 54 2 54 3 79 4 24 5 23 6 39 7 5 8 73 9 39 10 26 11 48 12 48 13 43 14 98 15 90 16 83 17 74 18 25 19 67 20 26
1 13 2 76 3 79 4 10 5 48 6 43 7 18 8 38 9 71 10 7 11 70 12 93 13 51 14 97 15 52 16 22 17 72 18 76 19 4 20 25
1 83 2 44 3 26 4 39 5 32 6 35 7 39 8 31 9 83 10 99 11 28 12 63 13 93 14 60 15 49 16 45 17 39 18 41 19 47 20 68
1 86 2 47 3 57 4 37 5 90 6 33 7 46 8 48 9 76 10 53 11 45 12 89 13 97 14 90 15 16 16 54 17 87 18 62 19 95 20 69
1 66 2 5 3 74 4 36 5 46 6 54 7 76 8 57 9 41 10 66 11 73 12 47 13 14 14 31 15 45 16 82 17 94 18 15 19 81 20 49
1 60 2 57 3 29 4 39 5 44 6 29 7 57 8 81 9 60 10 7 11 10 12 7 13 87 14 47 15 48 16 5 17 60 18 28 19 4 20 38
1 13 2 35 3 59 4 1 5 72 6 59 7 60 8 13 9 93 10 27 11 96 12 67 13 57 14 70 15 4 16 2 17 46 18 69 19 22 20 77
1 72 2 72 3 24 4 77 5 93 6 12 7 97 8 47 9 11 10 70 11 42 12 24 13 92 14 2 15 14 16 44 17 76 18 2 19 66 20 54
1 16 2 29 3 20 4 46 5 22 6 25 7 90 8 59 9 62 10 2 11 99 12 99 13 32 14 1 15 72 16 15 17 64 18 44 19 25 20 31
1 82 2 69 3 97 4 53 5 47 6 73 7 23 8 26 9 62 10 39 11 57 12 97 13 39 14 33 15 88 16 49 17 87 18 51 19 76 20 57
1 8 2 1 3 31 4 79 5 72 6 33 7 39 8 32 9 39 10 31 11 33 12 29 13 30 14 48 15 75 16 66 17 35 18 81 19 5 20 29
1 63 2 27 3 43 4 50 5 39 6 89 7 96 8 16 9 17 10 32 11 85 12 99 13 20 14 25 15 7 16 86 17 42 18 97 19 78 20 89
1 56 2 85 3 2 4 57 5 90 6 80 7 75 8 97 9 35 10 21 11 50 12 64 13 93 14 35 15 91 16 13 17 32 18 88 19 42 20 17
1 71 2 14 3 27 4 86 5 18 6 60 7 48 8 69 9 10 10 15 11 62 12 65 13 23 14 49 15 30 16 45 17 40 18 63 19 56 20 87
1 18 2 50 3 5 4 91 5 15 6 67 7 3 8 69 9 94 10 75 11 38 12 9 13 18 14 99 15 31 16 3 17 44 18 95 19 88 20 39
1 96 2 27 3 79 4 88 5 33 6 82 7 96 8 27 9 87 10 7 11 5 12 57 13 33 14 77 15 83 16 38 17 19 18 40 19 97 20 42
1 4 2 22 3 70 4 32 5 77 6 42 7 48 8 61 9 48 10 8 11 42 12 26 13 2 14 58 15 72 16 33 17 56 18 37 19 21 20 22
1 13 2 33 3 86 4 9 5 4 6 34 7 20 8 11 9 90 10 87 11 69 12 16 13 39 14 71 15 9 16 6 17 76 18 63 19 54 20 99
1 36 2 44 3 62 4 5 5 73 6 14 7 21 8 38 9 54 10 51 11 6 12 86 13 51 14 77 15 36 16 23 17 60 18 45 19 28 20 73
1 21 2 50 3 96 4 96 5 29 6 32 7 68 8 88 9 76 10 52 11 28 12 22 13 54 14 88 15 78 16 61 17 44 18 58 19 62 20 60
1 53 2 71 3 39 4 44 5 5 6 81 7 11 8 75 9 82 10 86 11 41 12 51 13 79 14 53 15 5 16 43 17 5 18 58 19 71 20 73
1 57 2 74 3 18 4 25 5 42 6 36 7 22 8 24 9 93 10 15 11 55 12 18 13 56 14 20 15 67 16 50 17 35 18 55 19 55 20 66
1 43 2 29 3 16 4 81 5 47 6 79 7 63 8 65 9 48 10 27 11 28 12 52 13 45 14 38 15 68 16 7 17 5 18 46 19 82 20 22
1 72 2 98 3 27 4 18 5 8 6 73 7 85 8 83 9 31 10 46 11 48 12 65 13 94 14 92 15 54 16 43 17 7 18 57 19 51 20 42
1 13 2 32 3 76 4 19 5 45 6 59 7 48 8 7 9 39 10 75 11 25 12 16 13 64 14 66 15 97 16 12 17 85 18 96 19 93 20 57
1 57 2 69 3 26 4 55 5 52 6 32 7 15 8 37 9 4 10 34 11 14 12 78 13 36 14 16 15 9 16 48 17 77 18 90 19 89 20 59
1 75 2 89 3 79 4 67 5 53 6 63 7 31 8 87 9 45 10 7 11 49 12 8 13 80 14 47 15 71 16 41 17 59 18 35 19 32 20 51
1 7 2 47 3 53 4 91 5 17 6 32 7 32 8 26 9 1 10 99 11 46 12 30 13 25 14 68 15 38 16 83 17 56 18 84 19 3 20 2
1 86 2 93 3 14 4 84 5 51 6 46 7 57 8 13 9 34 10 2 11 74 12 41 13 85 14 25 15 87 16 10 17 65 18 84 19 82 20 99
1 21 2 98 3 99 4 54 5 88 6 9 7 58 8 97 9 15 10 66 11 53 12 44 13 70 14 40 15 99 16 18 17 10 18 7 19 99 20 27
Reldue
-1	3190	-1	7
-1	1288	-1	10
-1	1053	-1	1
-1	2887	-1	5
-1	2058	-1	7
-1	3738	-1	6
-1	2658	-1	2
-1	2474	-1	3
-1	4013	-1	1
-1	1365	-1	5
-1	1433	-1	5
-1	1198	-1	5
-1	2717	-1	5
-1	2011	-1	8
-1	2580	-1	6
-1	3473	-1	1
-1	2445	-1	7
-1	2627	-1	8
-1	1267	-1	6
-1	1040	-1	3
-1	1458	-1	5
-1	3360	-1	9
-1	2859	-1	7
-1	1856	-1	9
-1	2393	-1	5
-1	3009	-1	7
-1	1910	-1	6
-1	1991	-1	5
-1	3735	-1	6
-1	4603	-1	1
-1	1765	-1	5
-1	2339	-1	9
-1	1420	-1	9
-1	2527	-1	10
-1	2631	-1	4
-1	2737	-1	1
-1	2954	-1	8
-1	2424	-1	1
-1	2054	-1	4
-1	2805	-1	6
-1	2602	-1	4
-1	1798	-1	10
-1	2641	-1	10
-1	2323	-1	2
-1	1048	-1	10
-1	2083	-1	9
-1	1101	-1	3
-1	2164	-1	9
-1	4230	-1	8
-1	2683	-1	6
-1	2919	-1	1
-1	1298	-1	8
-1	2594	-1	3
-1	1656	-1	10
-1	3652	-1	6
-1	1360	-1	3
-1	1207	-1	7
-1	3983	-1	4
-1	1079	-1	5
-1	2205	-1	1
-1	3765	-1	9
-1	1332	-1	1
-1	1940	-1	6
-1	1696	-1	2
-1	2485	-1	3
-1	2111	-1	1
-1	1671	-1	5
-1	2445	-1	7
-1	2882	-1	6
-1	3648	-1	10
-1	2478	-1	10
-1	3721	-1	3
-1	3336	-1	4
-1	2059	-1	1
-1	2879	-1	9
-1	1729	-1	4
-1	1583	-1	3
-1	3058	-1	10
-1	3012	-1	7
-1	1925	-1	5
-1	2042	-1	9
-1	3317	-1	9
-1	2457	-1	2
-1	1143	-1	1
-1	1083	-1	4
-1	3504	-1	6
-1	2364	-1	8
-1	2500	-1	6
-1	2969	-1	3
-1	1563	-1	6
