90 20
1 16 2 79 3 20 4 13 5 6 6 82 7 75 8 85 9 38 10 90 11 77 12 90 13 32 14 64 15 65 16 70 17 65 18 42 19 59 20 3
1 14 2 63 3 97 4 7 5 9 6 18 7 89 8 54 9 71 10 16 11 32 12 1 13 76 14 24 15 72 16 31 17 23 18 74 19 43 20 87
1 93 2 90 3 27 4 69 5 20 6 84 7 18 8 45 9 75 10 6 11 1 12 4 13 6 14 92 15 59 16 9 17 1 18 59 19 82 20 69
1 95 2 17 3 36 4 36 5 21 6 11 7 93 8 65 9 89 10 69 11 40 12 90 13 52 14 97 15 73 16 66 17 69 18 55 19 46 20 37
1 45 2 72 3 28 4 89 5 83 6 32 7 65 8 86 9 57 10 41 11 57 12 79 13 92 14 67 15 42 16 85 17 92 18 8 19 32 20 12
1 20 2 63 3 14 4 30 5 17 6 44 7 87 8 46 9 90 10 25 11 49 12 76 13 6 14 63 15 2 16 76 17 73 18 27 19 90 20 96
1 43 2 1 3 71 4 68 5 71 6 68 7 98 8 73 9 77 10 44 11 14 12 44 13 29 14 51 15 14 16 71 17 94 18 29 19 18 20 35
1 21 2 45 3 65 4 89 5 77 6 81 7 91 8 4 9 59 10 47 11 62 12 34 13 39 14 55 15 35 16 40 17 35 18 46 19 69 20 58
1 8 2 62 3 80 4 72 5 51 6 81 7 71 8 78 9 33 10 87 11 15 12 65 13 56 14 25 15 26 16 51 17 27 18 47 19 33 20 34
1 14 2 55 3 53 4 43 5 78 6 78 7 97 8 66 9 86 10 95 11 98 12 32 13 99 14 32 15 34 16 9 17 13 18 79 19 56 20 50
1 63 2 76 3 78 4 53 5 64 6 12 7 3 8 44 9 9 10 55 11 99 12 35 13 7 14 77 15 10 16 3 17 9 18 96 19 23 20 86
1 29 2 42 3 23 4 51 5 2 6 67 7 41 8 4 9 67 10 28 11 39 12 73 13 82 14 15 15 13 16 28 17 65 18 97 19 16 20 47
1 5 2 35 3 80 4 47 5 41 6 10 7 13 8 23 9 14 10 76 11 73 12 76 13 43 14 80 15 49 16 49 17 68 18 75 19 59 20 36
1 86 2 93 3 56 4 30 5 83 6 33 7 74 8 41 9 52 10 9 11 29 12 20 13 97 14 55 15 53 16 86 17 45 18 75 19 81 20 84
1 49 2 23 3 7 4 9 5 27 6 39 7 48 8 96 9 51 10 62 11 80 12 78 13 70 14 30 15 29 16 28 17 87 18 5 19 95 20 62
1 66 2 10 3 94 4 41 5 53 6 37 7 31 8 6 9 81 10 48 11 22 12 77 13 22 14 9 15 45 16 16 17 78 18 41 19 30 20 25
1 28 2 76 3 61 4 89 5 37 6 47 7 47 8 75 9 22 10 23 11 43 12 73 13 53 14 40 15 91 16 42 17 71 18 47 19 34 20 8
1 58 2 68 3 83 4 81 5 14 6 76 7 79 8 44 9 2 10 7 11 46 12 53 13 12 14 33 15 12 16 87 17 15 18 82 19 45 20 38
1 72 2 85 3 82 4 10 5 34 6 93 7 44 8 73 9 36 10 3 11 70 12 18 13 44 14 3 15 37 16 51 17 33 18 72 19 31 20 69
1 82 2 56 3 4 4 91 5 29 6 17 7 11 8 15 9 3 10 93 11 42 12 72 13 75 14 84 15 65 16 76 17 9 18 7 19 15 20 63
1 53 2 88 3 56 4 42 5 62 6 70 7 86 8 43 9 57 10 63 11 66 12 47 13 39 14 90 15 71 16 33 17 98 18 82 19 56 20 54
1 8 2 41 3 27 4 4 5 59 6 93 7 39 8 4 9 72 10 80 11 62 12 65 13 96 14 19 15 4 16 65 17 17 18 82 19 92 20 74
1 1 2 32 3 23 4 3 5 10 6 67 7 87 8 5 9 34 10 67 11 31 12 72 13 58 14 7 15 28 16 58 17 59 18 52 19 89 20 61
1 45 2 34 3 39 4 12 5 4 6 60 7 65 8 68 9 88 10 35 11 39 12 32 13 45 14 87 15 59 16 42 17 61 18 30 19 59 20 48
1 62 2 13 3 56 4 90 5 86 6 28 7 25 8 74 9 49 10 95 11 86 12 32 13 80 14 56 15 93 16 95 17 11 18 98 19 69 20 31
1 38 2 95 3 8 4 10 5 15 6 86 7 22 8 1 9 5 10 6 11 99 12 12 13 41 14 44 15 36 16 79 17 13 18 2 19 78 20 65
1 12 2 48 3 46 4 41 5 49 6 69 7 1 8 94 9 21 10 38 11 73 12 88 13 20 14 70 15 64 16 64 17 59 18 93 19 13 20 83
1 52 2 22 3 65 4 96 5 97 6 93 7 11 8 18 9 16 10 54 11 82 12 9 13 86 14 77 15 94 16 53 17 89 18 8 19 49 20 26
1 29 2 13 3 57 4 32 5 15 6 62 7 49 8 51 9 17 10 14 11 85 12 83 13 97 14 64 15 74 16 61 17 57 18 17 19 24 20 59
1 88 2 29 3 5 4 27 5 79 6 82 7 41 8 81 9 92 10 4 11 29 12 41 13 93 14 22 15 14 16 97 17 79 18 30 19 5 20 60
1 18 2 44 3 13 4 53 5 4 6 68 7 49 8 98 9 83 10 81 11 43 12 56 13 2 14 68 15 19 16 39 17 46 18 39 19 55 20 30
1 77 2 74 3 24 4 56 5 80 6 22 7 70 8 97 9 32 10 19 11 13 12 78 13 83 14 94 15 97 16 59 17 70 18 47 19 95 20 47
1 92 2 39 3 33 4 64 5 2 6 11 7 69 8 92 9 79 10 50 11 34 12 85 13 46 14 39 15 96 16 35 17 14 18 36 19 94 20 70
1 58 2 62 3 37 4 40 5 70 6 81 7 59 8 53 9 7 10 12 11 30 12 65 13 45 14 12 15 73 16 32 17 9 18 24 19 23 20 68
1 61 2 31 3 51 4 81 5 66 6 36 7 94 8 19 9 79 10 28 11 73 12 29 13 37 14 73 15 11 16 60 17 91 18 14 19 39 20 81
1 52 2 33 3 11 4 84 5 88 6 2 7 31 8 59 9 58 10 43 11 87 12 97 13 8 14 64 15 36 16 38 17 64 18 65 19 44 20 5
1 51 2 18 3 27 4 78 5 40 6 84 7 90 8 16 9 46 10 7 11 54 12 64 13 9 14 24 15 57 16 3 17 56 18 5 19 43 20 28
1 12 2 61 3 26 4 49 5 85 6 60 7 59 8 4 9 59 10 72 11 71 12 1 13 7 14 6 15 7 16 96 17 17 18 80 19 6 20 24
1 17 2 67 3 69 4 32 5 20 6 87 7 59 8 54 9 3 10 20 11 95 12 67 13 44 14 59 15 94 16 99 17 41 18 89 19 48 20 7
1 97 2 18 3 3 4 1 5 19 6 39 7 61 8 36 9 83 10 32 11 5 12 77 13 58 14 83 15 71 16 24 17 75 18 3 19 99 20 61
1 16 2 84 3 46 4 15 5 27 6 59 7 3 8 22 9 36 10 98 11 63 12 9 13 70 14 73 15 64 16 2 17 42 18 40 19 70 20 43
1 87 2 58 3 25 4 35 5 40 6 43 7 72 8 2 9 59 10 65 11 60 12 51 13 18 14 50 15 66 16 55 17 83 18 1 19 75 20 10
1 41 2 58 3 75 4 75 5 33 6 39 7 50 8 47 9 24 10 95 11 56 12 37 13 22 14 95 15 21 16 99 17 20 18 32 19 16 20 29
1 36 2 74 3 6 4 72 5 79 6 19 7 69 8 63 9 13 10 57 11 92 12 52 13 75 14 67 15 6 16 79 17 19 18 82 19 76 20 96
1 94 2 53 3 21 4 81 5 91 6 87 7 1 8 65 9 60 10 53 11 19 12 39 13 51 14 20 15 3 16 83 17 35 18 19 19 79 20 70
1 30 2 44 3 26 4 4 5 89 6 92 7 99 8 47 9 48 10 11 11 71 12 43 13 11 14 78 15 45 16 42 17 4 18 86 19 48 20 32
1 58 2 33 3 75 4 95 5 52 6 33 7 7 8 26 9 49 10 74 11 62 12 76 13 98 14 93 15 41 16 76 17 88 18 85 19 52 20 30
1 73 2 41 3 9 4 11 5 42 6 60 7 31 8 80 9 1 10 40 11 3 12 61 13 75 14 60 15 41 16 79 17 24 18 10 19 47 20 30
1 40 2 50 3 80 4 88 5 38 6 92 7 33 8 97 9 3 10 42 11 27 12 47 13 12 14 61 15 14 16 66 17 41 18 45 19 75 20 77
1 37 2 2 3 66 4 48 5 39 6 90 7 57 8 34 9 90 10 10 11 62 12 72 13 83 14 37 15 29 16 8 17 72 18 60 19 42 20 82
1 8 2 93 3 56 4 62 5 10 6 82 7 61 8 57 9 10 10 7 11 98 12 63 13 65 14 13 15 21 16 87 17 67 18 2 19 9 20 16
1 65 2 43 3 29 4 65 5 90 6 60 7 2 8 31 9 40 10 98 11 93 12 93 13 6 14 99 15 77 16 67 17 44 18 95 19 31 20 31
1 77 2 96 3 87 4 81 5 38 6 99 7 45 8 38 9 87 10 81 11 11 12 58 13 47 14 81 15 64 16 75 17 26 18 98 19 34 20 74
1 20 2 22 3 69 4 6 5 80 6 86 7 58 8 58 9 61 10 79 11 18 12 96 13 28 14 37 15 54 16 87 17 47 18 87 19 73 20 36
1 95 2 2 3 39 4 96 5 58 6 54 7 92 8 81 9 86 10 85 11 30 12 40 13 51 14 11 15 11 16 43 17 81 18 70 19 43 20 49
1 63 2 38 3 64 4 23 5 30 6 46 7 69 8 39 9 96 10 53 11 13 12 63 13 12 14 74 15 5 16 51 17 66 18 40 19 8 20 17
1 88 2 79 3 72 4 44 5 97 6 29 7 90 8 8 9 46 10 26 11 99 12 4 13 23 14 3 15 56 16 51 17 88 18 83 19 12 20 61
1 10 2 96 3 11 4 73 5 47 6 40 7 17 8 3 9 51 10 70 11 13 12 74 13 92 14 55 15 86 16 91 17 65 18 95 19 16 20 63
1 19 2 68 3 86 4 68 5 32 6 95 7 29 8 75 9 90 10 30 11 38 12 1 13 9 14 70 15 3 16 15 17 51 18 76 19 14 20 29
1 10 2 62 3 92 4 10 5 86 6 93 7 59 8 22 9 60 10 89 11 16 12 81 13 11 14 22 15 25 16 71 17 30 18 39 19 65 20 46
1 23 2 78 3 40 4 5 5 51 6 99 7 17 8 16 9 40 10 59 11 27 12 91 13 62 14 51 15 1 16 43 17 62 18 99 19 2 20 83
1 54 2 29 3 85 4 90 5 43 6 20 7 95 8 12 9 41 10 80 11 52 12 86 13 66 14 63 15 62 16 73 17 82 18 32 19 65 20 67
1 91 2 21 3 31 4 6 5 18 6 24 7 87 8 95 9 63 10 53 11 4 12 1 13 79 14 51 15 95 16 43 17 30 18 95 19 1 20 52
1 77 2 68 3 43 4 91 5 10 6 60 7 99 8 97 9 4 10 3 11 16 12 78 13 7 14 36 15 11 16 21 17 18 18 19 19 77 20 65
1 72 2 3 3 39 4 44 5 25 6 2 7 85 8 78 9 99 10 66 11 8 12 79 13 62 14 52 15 59 16 67 17 9 18 44 19 64 20 5
1 2 2 11 3 45 4 19 5 97 6 33 7 52 8 6 9 10 10 17 11 13 12 60 13 52 14 98 15 27 16 7 17 39 18 73 19 60 20 1
1 85 2 32 3 35 4 27 5 95 6 83 7 41 8 7 9 75 10 10 11 51 12 88 13 93 14 11 15 16 16 82 17 63 18 44 19 30 20 30
1 81 2 33 3 37 4 50 5 35 6 81 7 90 8 69 9 6 10 28 11 74 12 97 13 13 14 22 15 69 16 25 17 83 18 92 19 42 20 87
1 44 2 83 3 44 4 60 5 98 6 78 7 19 8 89 9 57 10 57 11 30 12 94 13 38 14 42 15 67 16 57 17 62 18 86 19 13 20 15
1 46 2 78 3 81 4 8 5 57 6 76 7 35 8 83 9 50 10 74 11 61 12 91 13 62 14 66 15 52 16 13 17 31 18 80 19 47 20 61
1 47 2 35 3 91 4 51 5 56 6 77 7 90 8 70 9 62 10 29 11 68 12 54 13 84 14 30 15 23 16 95 17 35 18 59 19 88 20 9
1 64 2 88 3 17 4 49 5 36 6 50 7 54 8 19 9 95 10 20 11 39 12 54 13 65 14 2 15 89 16 25 17 94 18 82 19 13 20 40
1 92 2 54 3 16 4 65 5 58 6 17 7 44 8 84 9 27 10 82 11 95 12 32 13 9 14 54 15 88 16 35 17 11 18 31 19 7 20 24
1 92 2 61 3 13 4 93 5 75 6 74 7 52 8 83 9 81 10 13 11 15 12 96 13 8 14 34 15 39 16 86 17 58 18 42 19 96 20 77
1 60 2 98 3 83 4 40 5 41 6 43 7 26 8 88 9 41 10 78 11 20 12 52 13 87 14 73 15 25 16 41 17 86 18 43 19 12 20 95
1 33 2 71 3 84 4 73 5 26 6 98 7 14 8 68 9 51 10 14 11 44 12 30 13 23 14 25 15 61 16 49 17 19 18 4 19 79 20 11
1 36 2 90 3 94 4 98 5 27 6 62 7 25 8 70 9 53 10 51 11 49 12 76 13 5 14 88 15 66 16 79 17 30 18 3 19 75 20 95
1 22 2 51 3 3 4 84 5 22 6 24 7 83 8 42 9 13 10 1 11 45 12 34 13 62 14 67 15 25 16 80 17 73 18 29 19 66 20 94
1 17 2 91 3 1 4 6 5 74 6 48 7 79 8 94 9 90 10 33 11 29 12 13 13 97 14 38 15 92 16 33 17 70 18 12 19 19 20 49
1 91 2 43 3 7 4 48 5 95 6 77 7 24 8 98 9 86 10 17 11 72 12 6 13 2 14 12 15 35 16 67 17 9 18 76 19 36 20 26
1 21 2 65 3 38 4 10 5 11 6 94 7 57 8 35 9 49 10 19 11 82 12 11 13 53 14 63 15 13 16 7 17 21 18 67 19 82 20 53
1 38 2 9 3 97 4 58 5 42 6 36 7 4 8 4 9 85 10 48 11 23 12 91 13 83 14 17 15 30 16 71 17 54 18 21 19 39 20 45
1 99 2 7 3 11 4 19 5 54 6 63 7 27 8 9 9 13 10 79 11 12 12 23 13 12 14 22 15 62 16 31 17 97 18 5 19 66 20 34
1 77 2 99 3 32 4 61 5 65 6 50 7 57 8 56 9 97 10 99 11 63 12 75 13 22 14 88 15 60 16 69 17 18 18 14 19 11 20 38
1 12 2 6 3 88 4 15 5 76 6 28 7 11 8 56 9 32 10 75 11 68 12 47 13 58 14 48 15 62 16 13 17 43 18 56 19 62 20 8
1 10 2 25 3 89 4 99 5 56 6 17 7 98 8 32 9 16 10 74 11 57 12 50 13 29 14 62 15 77 16 14 17 10 18 66 19 96 20 74
1 1 2 55 3 84 4 38 5 28 6 10 7 80 8 97 9 20 10 75 11 23 12 12 13 75 14 54 15 12 16 85 17 67 18 58 19 81 20 80
1 43 2 59 3 98 4 72 5 73 6 15 7 83 8 71 9 79 10 38 11 56 12 82 13 92 14 81 15 78 16 91 17 75 18 93 19 79 20 59
1 17 2 65 3 66 4 28 5 61 6 26 7 17 8 62 9 76 10 39 11 35 12 77 13 73 14 87 15 86 16 56 17 90 18 92 19 77 20 38
1 99 2 17 3 70 4 74 5 39 6 32 7 72 8 80 9 1 10 21 11 14 12 63 13 74 14 43 15 29 16 36 17 66 18 44 19 23 20 73
Reldue
-1	1292	-1	9
-1	3299	-1	9
-1	3613	-1	9
-1	4606	-1	6
-1	2687	-1	3
-1	2724	-1	6
-1	1632	-1	8
-1	2819	-1	6
-1	1182	-1	10
-1	2855	-1	10
-1	970	-1	6
-1	1043	-1	5
-1	3231	-1	3
-1	3619	-1	4
-1	1816	-1	2
-1	1537	-1	6
-1	2217	-1	9
-1	1019	-1	5
-1	1331	-1	3
-1	3552	-1	1
-1	3118	-1	2
-1	2752	-1	1
-1	1078	-1	4
-1	3405	-1	4
-1	3598	-1	4
-1	1967	-1	4
-1	2688	-1	9
-1	3325	-1	4
-1	1216	-1	2
-1	2798	-1	2
-1	3060	-1	6
-1	2773	-1	6
-1	3364	-1	9
-1	2730	-1	1
-1	3327	-1	10
-1	3028	-1	10
-1	2727	-1	10
-1	2734	-1	2
-1	3592	-1	6
-1	2601	-1	1
-1	888	-1	1
-1	2662	-1	8
-1	2669	-1	8
-1	1904	-1	7
-1	3440	-1	9
-1	1163	-1	5
-1	3533	-1	7
-1	2976	-1	4
-1	3084	-1	9
-1	3449	-1	8
-1	1720	-1	3
-1	3915	-1	9
-1	1908	-1	9
-1	1745	-1	1
-1	1206	-1	10
-1	2219	-1	6
-1	2247	-1	9
-1	3200	-1	10
-1	2465	-1	5
-1	2683	-1	10
-1	2046	-1	5
-1	4776	-1	10
-1	3122	-1	9
-1	1661	-1	6
-1	1811	-1	7
-1	2150	-1	3
-1	2214	-1	4
-1	3696	-1	3
-1	2648	-1	2
-1	4161	-1	10
-1	3884	-1	6
-1	2762	-1	1
-1	3420	-1	3
-1	1759	-1	3
-1	1357	-1	5
-1	2846	-1	10
-1	3529	-1	9
-1	1189	-1	7
-1	2849	-1	1
-1	967	-1	7
-1	1491	-1	7
-1	2403	-1	6
-1	2925	-1	5
-1	2782	-1	8
-1	3067	-1	9
-1	3178	-1	2
-1	3848	-1	3
-1	2817	-1	4
-1	3724	-1	2
-1	3306	-1	3
